u,Trial,Task,Dataset,Experiment,Openendedness,probabsame,probabmodify1,probabmodify2,probabmodify3
pro1,0,p1,birdstrikes,birdstrikesbcf,focused,0.3,0.4,0.3,0.0
pro1,1,p1,birdstrikes,birdstrikesbcf,focused,0.5384615384615384,0.2307692307692307,0.2307692307692307,0.0
pro1,0,p2,birdstrikes,birdstrikesbcf,focused,0.5,0.5,0.0,0.0
pro1,1,p2,birdstrikes,birdstrikesbcf,focused,0.6666666666666666,0.2222222222222222,0.1111111111111111,0.0
pro1,0,p3,birdstrikes,birdstrikesbcf,open,0.6025641025641025,0.1923076923076923,0.1794871794871795,0.0256410256410256
pro1,1,p3,birdstrikes,birdstrikesbcf,open,0.6417910447761194,0.1492537313432835,0.208955223880597,0.0
pro1,0,p4,birdstrikes,birdstrikesbcf,open,0.625,0.325,0.05,0.0
pro1,1,p4,birdstrikes,birdstrikesbcf,open,0.8444444444444444,0.1555555555555555,0.0,0.0
pro10,0,p1,birdstrikes,birdstrikesbdf,focused,0.5,0.5,0.0,0.0
pro10,1,p1,birdstrikes,birdstrikesbdf,focused,1.0,0.0,0.0,0.0
pro10,0,p2,birdstrikes,birdstrikesbdf,focused,0.7727272727272727,0.2272727272727272,0.0,0.0
pro10,1,p2,birdstrikes,birdstrikesbdf,focused,0.8571428571428571,0.0714285714285714,0.0714285714285714,0.0
pro10,0,p3,birdstrikes,birdstrikesbdf,open,0.7352941176470589,0.2450980392156862,0.0196078431372549,0.0
pro10,1,p3,birdstrikes,birdstrikesbdf,open,0.6771653543307087,0.2125984251968504,0.1023622047244094,0.0078740157480314
pro10,0,p4,birdstrikes,birdstrikesbdf,open,0.5514018691588785,0.3457943925233644,0.0747663551401869,0.02803738317757
pro10,1,p4,birdstrikes,birdstrikesbdf,open,0.5057471264367817,0.3908045977011494,0.1034482758620689,0.0
pro11,0,p1,birdstrikes,birdstrikesbcf,focused,0.625,0.1458333333333333,0.2291666666666666,0.0
pro11,1,p1,birdstrikes,birdstrikesbcf,focused,0.5454545454545454,0.1515151515151515,0.303030303030303,0.0
pro11,0,p2,birdstrikes,birdstrikesbcf,focused,0.6666666666666666,0.1904761904761904,0.1428571428571428,0.0
pro11,1,p2,birdstrikes,birdstrikesbcf,focused,0.6363636363636364,0.1363636363636363,0.2272727272727272,0.0
pro11,0,p3,birdstrikes,birdstrikesbcf,open,0.7959183673469388,0.0816326530612244,0.1020408163265306,0.0204081632653061
pro11,1,p3,birdstrikes,birdstrikesbcf,open,0.6833333333333333,0.0666666666666666,0.25,0.0
pro11,0,p4,birdstrikes,birdstrikesbcf,open,0.6724137931034483,0.1724137931034483,0.1551724137931034,0.0
pro11,1,p4,birdstrikes,birdstrikesbcf,open,0.6727272727272727,0.2363636363636363,0.0909090909090909,0.0
pro12,0,p1,birdstrikes,birdstrikesbdf,focused,0.5,0.4333333333333333,0.0666666666666666,0.0
pro12,1,p1,birdstrikes,birdstrikesbdf,focused,0.5405405405405406,0.3513513513513513,0.1081081081081081,0.0
pro12,0,p2,birdstrikes,birdstrikesbdf,focused,0.5576923076923077,0.3653846153846153,0.0576923076923076,0.0192307692307692
pro12,1,p2,birdstrikes,birdstrikesbdf,focused,0.7073170731707317,0.2195121951219512,0.073170731707317,0.0
pro12,0,p3,birdstrikes,birdstrikesbdf,open,0.5,0.5,0.0,0.0
pro12,1,p3,birdstrikes,birdstrikesbdf,open,0.6086956521739131,0.391304347826087,0.0,0.0
pro12,0,p4,birdstrikes,birdstrikesbdf,open,0.8524590163934426,0.1393442622950819,0.0081967213114754,0.0
pro12,1,p4,birdstrikes,birdstrikesbdf,open,0.4222222222222222,0.5111111111111111,0.0666666666666666,0.0
pro13,0,p1,movies,moviesace,focused,0.5555555555555556,0.4444444444444444,0.0,0.0
pro13,1,p1,movies,moviesace,focused,1.0,0.0,0.0,0.0
pro13,0,p2,movies,moviesace,focused,0.3333333333333333,0.6666666666666666,0.0,0.0
pro13,1,p2,movies,moviesace,focused,1.0,0.0,0.0,0.0
pro13,0,p3,movies,moviesace,open,0.7678571428571429,0.2321428571428571,0.0,0.0
pro13,1,p3,movies,moviesace,open,0.6851851851851852,0.2962962962962963,0.0185185185185185,0.0
pro13,0,p4,movies,moviesace,open,0.5384615384615384,0.4615384615384615,0.0,0.0
pro13,1,p4,movies,moviesace,open,0.746031746031746,0.2539682539682539,0.0,0.0
pro14,0,p1,birdstrikes,birdstrikesbdf,focused,0.4285714285714285,0.5714285714285714,0.0,0.0
pro14,1,p1,birdstrikes,birdstrikesbdf,focused,0.6153846153846154,0.3846153846153846,0.0,0.0
pro14,0,p2,birdstrikes,birdstrikesbdf,focused,0.4375,0.4375,0.125,0.0
pro14,1,p2,birdstrikes,birdstrikesbdf,focused,0.3478260869565217,0.5652173913043478,0.0869565217391304,0.0
pro14,0,p3,birdstrikes,birdstrikesbdf,open,0.4358974358974359,0.4102564102564102,0.1538461538461538,0.0
pro14,1,p3,birdstrikes,birdstrikesbdf,open,0.696969696969697,0.2424242424242424,0.0606060606060606,0.0
pro14,0,p4,birdstrikes,birdstrikesbdf,open,0.6764705882352942,0.2647058823529412,0.0588235294117647,0.0
pro14,1,p4,birdstrikes,birdstrikesbdf,open,0.639344262295082,0.2459016393442623,0.1147540983606557,0.0
pro15,0,p1,movies,moviesade,focused,0.8666666666666667,0.1333333333333333,0.0,0.0
pro15,1,p1,movies,moviesade,focused,0.5,0.25,0.25,0.0
pro15,0,p2,movies,moviesade,focused,0.7307692307692307,0.2692307692307692,0.0,0.0
pro15,1,p2,movies,moviesade,focused,0.7222222222222222,0.2777777777777778,0.0,0.0
pro15,0,p3,movies,moviesade,open,0.4848484848484848,0.5151515151515151,0.0,0.0
pro15,1,p3,movies,moviesade,open,0.375,0.625,0.0,0.0
pro15,0,p4,movies,moviesade,open,0.4117647058823529,0.5294117647058824,0.0588235294117647,0.0
pro15,1,p4,movies,moviesade,open,0.4545454545454545,0.5454545454545454,0.0,0.0
pro16,0,p1,birdstrikes,birdstrikesbce,focused,0.8461538461538461,0.1538461538461538,0.0,0.0
pro16,1,p1,birdstrikes,birdstrikesbce,focused,1.0,0.0,0.0,0.0
pro16,0,p2,birdstrikes,birdstrikesbce,focused,0.625,0.375,0.0,0.0
pro16,1,p2,birdstrikes,birdstrikesbce,focused,0.8461538461538461,0.1538461538461538,0.0,0.0
pro16,0,p3,birdstrikes,birdstrikesbce,open,0.6666666666666666,0.3333333333333333,0.0,0.0
pro16,1,p3,birdstrikes,birdstrikesbce,open,0.6376811594202898,0.3623188405797101,0.0,0.0
pro16,0,p4,birdstrikes,birdstrikesbce,open,0.7818181818181819,0.2181818181818181,0.0,0.0
pro16,1,p4,birdstrikes,birdstrikesbce,open,0.6774193548387096,0.3225806451612903,0.0,0.0
pro17,0,p1,movies,moviesace,focused,0.72,0.28,0.0,0.0
pro17,1,p1,movies,moviesace,focused,0.72,0.28,0.0,0.0
pro17,0,p2,movies,moviesace,focused,0.6904761904761905,0.3095238095238095,0.0,0.0
pro17,1,p2,movies,moviesace,focused,0.7045454545454546,0.2954545454545454,0.0,0.0
pro17,0,p3,movies,moviesace,open,0.492063492063492,0.5079365079365079,0.0,0.0
pro17,1,p3,movies,moviesace,open,0.7910447761194029,0.208955223880597,0.0,0.0
pro17,0,p4,movies,moviesace,open,0.6111111111111112,0.3888888888888889,0.0,0.0
pro17,1,p4,movies,moviesace,open,0.6615384615384615,0.3384615384615385,0.0,0.0
pro18,0,p1,movies,moviesadf,focused,0.7037037037037037,0.2962962962962963,0.0,0.0
pro18,1,p1,movies,moviesadf,focused,0.4375,0.4375,0.125,0.0
pro18,0,p2,movies,moviesadf,focused,0.8888888888888888,0.1111111111111111,0.0,0.0
pro18,1,p2,movies,moviesadf,focused,1.0,0.0,0.0,0.0
pro18,0,p3,movies,moviesadf,open,0.4285714285714285,0.5,0.0714285714285714,0.0
pro18,1,p3,movies,moviesadf,open,0.5,0.4375,0.0625,0.0
pro18,0,p4,movies,moviesadf,open,0.4468085106382978,0.5531914893617021,0.0,0.0
pro18,1,p4,movies,moviesadf,open,0.2758620689655172,0.7241379310344828,0.0,0.0
pro19,0,p1,birdstrikes,birdstrikesbcf,focused,0.7083333333333334,0.125,0.1666666666666666,0.0
pro19,1,p1,birdstrikes,birdstrikesbcf,focused,0.5757575757575758,0.1515151515151515,0.2121212121212121,0.0606060606060606
pro19,0,p2,birdstrikes,birdstrikesbcf,focused,0.6129032258064516,0.0967741935483871,0.2903225806451613,0.0
pro19,1,p2,birdstrikes,birdstrikesbcf,focused,0.6551724137931034,0.1724137931034483,0.1724137931034483,0.0
pro19,0,p3,birdstrikes,birdstrikesbcf,open,0.6926406926406926,0.1168831168831168,0.1818181818181818,0.0086580086580086
pro19,1,p3,birdstrikes,birdstrikesbcf,open,0.59375,0.08125,0.275,0.05
pro19,0,p4,birdstrikes,birdstrikesbcf,open,0.627906976744186,0.2015503875968992,0.1395348837209302,0.0310077519379844
pro19,1,p4,birdstrikes,birdstrikesbcf,open,0.5151515151515151,0.1717171717171717,0.2929292929292929,0.0202020202020202
pro2,0,p1,birdstrikes,birdstrikesbce,focused,0.5294117647058824,0.4705882352941176,0.0,0.0
pro2,1,p1,birdstrikes,birdstrikesbce,focused,0.7307692307692307,0.2692307692307692,0.0,0.0
pro2,0,p2,birdstrikes,birdstrikesbce,focused,0.5,0.5,0.0,0.0
pro2,1,p2,birdstrikes,birdstrikesbce,focused,0.8181818181818182,0.1818181818181818,0.0,0.0
pro2,0,p3,birdstrikes,birdstrikesbce,open,0.6,0.4,0.0,0.0
pro2,1,p3,birdstrikes,birdstrikesbce,open,0.4761904761904761,0.5238095238095238,0.0,0.0
pro2,0,p4,birdstrikes,birdstrikesbce,open,0.6377952755905512,0.3228346456692913,0.0393700787401574,0.0
pro2,1,p4,birdstrikes,birdstrikesbce,open,0.6379310344827587,0.3448275862068966,0.0172413793103448,0.0
pro20,0,p1,movies,moviesade,focused,0.6296296296296297,0.3703703703703703,0.0,0.0
pro20,1,p1,movies,moviesade,focused,0.7142857142857143,0.2857142857142857,0.0,0.0
pro20,0,p2,movies,moviesade,focused,0.6129032258064516,0.3870967741935484,0.0,0.0
pro20,1,p2,movies,moviesade,focused,0.7419354838709677,0.2580645161290322,0.0,0.0
pro20,0,p3,movies,moviesade,open,0.5811965811965812,0.3846153846153846,0.0341880341880341,0.0
pro20,1,p3,movies,moviesade,open,0.609375,0.3671875,0.0234375,0.0
pro20,0,p4,movies,moviesade,open,0.6097560975609756,0.3658536585365853,0.024390243902439,0.0
pro20,1,p4,movies,moviesade,open,0.6966292134831461,0.247191011235955,0.0561797752808988,0.0
pro21,0,p1,movies,moviesade,focused,0.8333333333333334,0.1666666666666666,0.0,0.0
pro21,1,p1,movies,moviesade,focused,0.9142857142857144,0.0857142857142857,0.0,0.0
pro21,0,p2,movies,moviesade,focused,0.6666666666666666,0.3333333333333333,0.0,0.0
pro21,1,p2,movies,moviesade,focused,0.7058823529411765,0.2941176470588235,0.0,0.0
pro21,0,p3,movies,moviesade,open,0.4561403508771929,0.52046783625731,0.023391812865497,0.0
pro21,1,p3,movies,moviesade,open,0.6111111111111112,0.3703703703703703,0.0185185185185185,0.0
pro21,0,p4,movies,moviesade,open,0.5714285714285714,0.4285714285714285,0.0,0.0
pro21,1,p4,movies,moviesade,open,0.7266187050359713,0.2733812949640288,0.0,0.0
pro22,0,p1,movies,moviesade,focused,0.5957446808510638,0.4042553191489361,0.0,0.0
pro22,1,p1,movies,moviesade,focused,0.9375,0.0625,0.0,0.0
pro22,0,p2,movies,moviesade,focused,0.5208333333333334,0.4583333333333333,0.0208333333333333,0.0
pro22,1,p2,movies,moviesade,focused,0.6,0.4,0.0,0.0
pro22,0,p3,movies,moviesade,open,0.6538461538461539,0.3461538461538461,0.0,0.0
pro22,1,p3,movies,moviesade,open,0.8412698412698413,0.1587301587301587,0.0,0.0
pro22,0,p4,movies,moviesade,open,0.7014925373134329,0.2985074626865671,0.0,0.0
pro22,1,p4,movies,moviesade,open,0.8070175438596491,0.1929824561403508,0.0,0.0
pro23,0,p1,movies,moviesacf,focused,0.7096774193548387,0.0967741935483871,0.1935483870967742,0.0
pro23,1,p1,movies,moviesacf,focused,0.75,0.05,0.2,0.0
pro23,0,p2,movies,moviesacf,focused,0.6935483870967742,0.1290322580645161,0.1774193548387097,0.0
pro23,1,p2,movies,moviesacf,focused,0.6071428571428571,0.1785714285714285,0.2142857142857142,0.0
pro23,0,p3,movies,moviesacf,open,0.5737704918032787,0.1967213114754098,0.2295081967213114,0.0
pro23,1,p3,movies,moviesacf,open,0.7029702970297029,0.1485148514851485,0.1287128712871287,0.0198019801980198
pro23,0,p4,movies,moviesacf,open,0.5,0.3478260869565217,0.1304347826086956,0.0217391304347826
pro23,1,p4,movies,moviesacf,open,0.8461538461538461,0.0961538461538461,0.0576923076923076,0.0
pro24,0,p1,movies,moviesadf,focused,0.5,0.4166666666666667,0.0833333333333333,0.0
pro24,1,p1,movies,moviesadf,focused,0.625,0.3125,0.0625,0.0
pro24,0,p2,movies,moviesadf,focused,0.6666666666666666,0.2666666666666666,0.0666666666666666,0.0
pro24,1,p2,movies,moviesadf,focused,0.8333333333333334,0.1666666666666666,0.0,0.0
pro24,0,p3,movies,moviesadf,open,0.3714285714285714,0.2571428571428571,0.3714285714285714,0.0
pro24,1,p3,movies,moviesadf,open,0.5853658536585366,0.1463414634146341,0.2682926829268293,0.0
pro24,0,p4,movies,moviesadf,open,0.7551020408163265,0.1836734693877551,0.0612244897959183,0.0
pro24,1,p4,movies,moviesadf,open,0.56,0.32,0.1,0.02
pro25,0,p1,movies,moviesacf,focused,0.4,0.6,0.0,0.0
pro25,1,p1,movies,moviesacf,focused,1.0,0.0,0.0,0.0
pro25,0,p2,movies,moviesacf,focused,0.5,0.5,0.0,0.0
pro25,1,p2,movies,moviesacf,focused,1.0,0.0,0.0,0.0
pro25,0,p3,movies,moviesacf,open,0.5961538461538461,0.3653846153846153,0.0384615384615384,0.0
pro25,1,p3,movies,moviesacf,open,0.7,0.3,0.0,0.0
pro25,0,p4,movies,moviesacf,open,0.65,0.3166666666666666,0.0333333333333333,0.0
pro25,1,p4,movies,moviesacf,open,0.7636363636363637,0.2363636363636363,0.0,0.0
pro26,0,p1,birdstrikes,birdstrikesbde,focused,0.52,0.48,0.0,0.0
pro26,1,p1,birdstrikes,birdstrikesbde,focused,0.75,0.25,0.0,0.0
pro26,0,p2,birdstrikes,birdstrikesbde,focused,0.7142857142857143,0.2857142857142857,0.0,0.0
pro26,1,p2,birdstrikes,birdstrikesbde,focused,0.6666666666666666,0.3333333333333333,0.0,0.0
pro26,0,p3,birdstrikes,birdstrikesbde,open,0.55,0.4333333333333333,0.0166666666666666,0.0
pro26,1,p3,birdstrikes,birdstrikesbde,open,0.5510204081632653,0.4489795918367347,0.0,0.0
pro26,0,p4,birdstrikes,birdstrikesbde,open,0.5370370370370371,0.4629629629629629,0.0,0.0
pro26,1,p4,birdstrikes,birdstrikesbde,open,0.7432432432432432,0.2567567567567567,0.0,0.0
pro27,0,p1,birdstrikes,birdstrikesbcf,focused,0.7358490566037735,0.1132075471698113,0.1320754716981132,0.0188679245283018
pro27,1,p1,birdstrikes,birdstrikesbcf,focused,0.7592592592592593,0.1481481481481481,0.0925925925925925,0.0
pro27,0,p2,birdstrikes,birdstrikesbcf,focused,0.5652173913043478,0.217391304347826,0.217391304347826,0.0
pro27,1,p2,birdstrikes,birdstrikesbcf,focused,0.6666666666666666,0.238095238095238,0.0952380952380952,0.0
pro27,0,p3,birdstrikes,birdstrikesbcf,open,0.6379310344827587,0.1810344827586207,0.1551724137931034,0.0258620689655172
pro27,1,p3,birdstrikes,birdstrikesbcf,open,0.5849056603773585,0.1698113207547169,0.2452830188679245,0.0
pro27,0,p4,birdstrikes,birdstrikesbcf,open,0.5670103092783505,0.268041237113402,0.1649484536082474,0.0
pro27,1,p4,birdstrikes,birdstrikesbcf,open,0.4615384615384615,0.3846153846153846,0.1538461538461538,0.0
pro28,0,p1,birdstrikes,birdstrikesbce,focused,0.45,0.55,0.0,0.0
pro28,1,p1,birdstrikes,birdstrikesbce,focused,0.5454545454545454,0.4545454545454545,0.0,0.0
pro28,0,p2,birdstrikes,birdstrikesbce,focused,0.5384615384615384,0.4615384615384615,0.0,0.0
pro28,1,p2,birdstrikes,birdstrikesbce,focused,0.8235294117647058,0.1764705882352941,0.0,0.0
pro28,0,p3,birdstrikes,birdstrikesbce,open,0.6597222222222222,0.3402777777777778,0.0,0.0
pro28,1,p3,birdstrikes,birdstrikesbce,open,0.7297297297297297,0.2702702702702703,0.0,0.0
pro28,0,p4,birdstrikes,birdstrikesbce,open,0.8357142857142857,0.15,0.0142857142857142,0.0
pro28,1,p4,birdstrikes,birdstrikesbce,open,0.6266666666666667,0.3733333333333333,0.0,0.0
pro29,0,p1,movies,moviesace,focused,0.532258064516129,0.4516129032258064,0.0161290322580645,0.0
pro29,1,p1,movies,moviesace,focused,0.8275862068965517,0.1724137931034483,0.0,0.0
pro29,0,p2,movies,moviesace,focused,0.5555555555555556,0.4444444444444444,0.0,0.0
pro29,1,p2,movies,moviesace,focused,1.0,0.0,0.0,0.0
pro29,0,p3,movies,moviesace,open,0.782608695652174,0.217391304347826,0.0,0.0
pro29,1,p3,movies,moviesace,open,0.7326732673267327,0.2574257425742574,0.0099009900990099,0.0
pro29,0,p4,movies,moviesace,open,0.6442307692307693,0.3557692307692308,0.0,0.0
pro29,1,p4,movies,moviesace,open,0.6470588235294118,0.3333333333333333,0.0196078431372549,0.0
pro3,0,p1,movies,moviesace,focused,0.5,0.5,0.0,0.0
pro3,1,p1,movies,moviesace,focused,0.6153846153846154,0.3846153846153846,0.0,0.0
pro3,0,p2,movies,moviesace,focused,0.4666666666666667,0.5333333333333333,0.0,0.0
pro3,1,p2,movies,moviesace,focused,0.71875,0.28125,0.0,0.0
pro3,0,p3,movies,moviesace,open,0.4722222222222222,0.5,0.0277777777777777,0.0
pro3,1,p3,movies,moviesace,open,0.631578947368421,0.3157894736842105,0.0526315789473684,0.0
pro3,0,p4,movies,moviesace,open,0.5882352941176471,0.4117647058823529,0.0,0.0
pro3,1,p4,movies,moviesace,open,0.6964285714285714,0.2857142857142857,0.0178571428571428,0.0
pro30,0,p1,birdstrikes,birdstrikesbde,focused,0.8235294117647058,0.1764705882352941,0.0,0.0
pro30,1,p1,birdstrikes,birdstrikesbde,focused,0.5333333333333333,0.3333333333333333,0.1333333333333333,0.0
pro30,0,p2,birdstrikes,birdstrikesbde,focused,0.4444444444444444,0.5555555555555556,0.0,0.0
pro30,1,p2,birdstrikes,birdstrikesbde,focused,1.0,0.0,0.0,0.0
pro30,0,p3,birdstrikes,birdstrikesbde,open,0.7901234567901234,0.2098765432098765,0.0,0.0
pro30,1,p3,birdstrikes,birdstrikesbde,open,0.6511627906976745,0.3488372093023256,0.0,0.0
pro30,0,p4,birdstrikes,birdstrikesbde,open,0.5338983050847458,0.4067796610169492,0.059322033898305,0.0
pro30,1,p4,birdstrikes,birdstrikesbde,open,0.6991869918699187,0.2764227642276423,0.024390243902439,0.0
pro31,0,p1,movies,moviesadf,focused,0.7058823529411765,0.2941176470588235,0.0,0.0
pro31,1,p1,movies,moviesadf,focused,0.7142857142857143,0.2857142857142857,0.0,0.0
pro31,0,p2,movies,moviesadf,focused,0.5,0.5,0.0,0.0
pro31,1,p2,movies,moviesadf,focused,0.6,0.4,0.0,0.0
pro31,0,p3,movies,moviesadf,open,0.7777777777777778,0.2222222222222222,0.0,0.0
pro31,1,p3,movies,moviesadf,open,0.7758620689655172,0.1034482758620689,0.1206896551724138,0.0
pro31,0,p4,movies,moviesadf,open,0.5942028985507246,0.3623188405797101,0.0434782608695652,0.0
pro31,1,p4,movies,moviesadf,open,0.490566037735849,0.4339622641509434,0.0754716981132075,0.0
pro32,0,p1,birdstrikes,birdstrikesbdf,focused,0.6666666666666666,0.3333333333333333,0.0,0.0
pro32,1,p1,birdstrikes,birdstrikesbdf,focused,0.7,0.2,0.1,0.0
pro32,0,p2,birdstrikes,birdstrikesbdf,focused,0.6222222222222222,0.2444444444444444,0.1333333333333333,0.0
pro32,1,p2,birdstrikes,birdstrikesbdf,focused,0.7115384615384616,0.1346153846153846,0.1538461538461538,0.0
pro32,0,p3,birdstrikes,birdstrikesbdf,open,0.6739130434782609,0.2608695652173913,0.0652173913043478,0.0
pro32,1,p3,birdstrikes,birdstrikesbdf,open,0.6176470588235294,0.1470588235294117,0.2352941176470588,0.0
pro32,0,p4,birdstrikes,birdstrikesbdf,open,0.5076923076923077,0.4307692307692308,0.0538461538461538,0.0076923076923076
pro32,1,p4,birdstrikes,birdstrikesbdf,open,0.5675675675675675,0.3851351351351351,0.0472972972972973,0.0
pro4,0,p1,birdstrikes,birdstrikesbce,focused,0.5555555555555556,0.4444444444444444,0.0,0.0
pro4,1,p1,birdstrikes,birdstrikesbce,focused,1.0,0.0,0.0,0.0
pro4,0,p2,birdstrikes,birdstrikesbce,focused,0.5757575757575758,0.4242424242424242,0.0,0.0
pro4,1,p2,birdstrikes,birdstrikesbce,focused,0.88,0.12,0.0,0.0
pro4,0,p3,birdstrikes,birdstrikesbce,open,0.8106060606060606,0.1893939393939394,0.0,0.0
pro4,1,p3,birdstrikes,birdstrikesbce,open,0.5700934579439252,0.3925233644859813,0.0373831775700934,0.0
pro4,0,p4,birdstrikes,birdstrikesbce,open,0.8611111111111112,0.1111111111111111,0.0277777777777777,0.0
pro4,1,p4,birdstrikes,birdstrikesbce,open,0.8666666666666667,0.1111111111111111,0.0222222222222222,0.0
pro5,0,p1,movies,moviesadf,focused,0.5238095238095238,0.4523809523809524,0.0238095238095238,0.0
pro5,1,p1,movies,moviesadf,focused,0.7916666666666666,0.0833333333333333,0.125,0.0
pro5,0,p2,movies,moviesadf,focused,0.925925925925926,0.074074074074074,0.0,0.0
pro5,1,p2,movies,moviesadf,focused,0.75,0.25,0.0,0.0
pro5,0,p3,movies,moviesadf,open,0.5,0.5,0.0,0.0
pro5,1,p3,movies,moviesadf,open,0.5454545454545454,0.4545454545454545,0.0,0.0
pro5,0,p4,movies,moviesadf,open,0.64,0.36,0.0,0.0
pro5,1,p4,movies,moviesadf,open,0.6976744186046512,0.3023255813953488,0.0,0.0
pro6,0,p1,birdstrikes,birdstrikesbde,focused,0.875,0.125,0.0,0.0
pro6,1,p1,birdstrikes,birdstrikesbde,focused,0.875,0.125,0.0,0.0
pro6,0,p2,birdstrikes,birdstrikesbde,focused,0.6153846153846154,0.3846153846153846,0.0,0.0
pro6,1,p2,birdstrikes,birdstrikesbde,focused,1.0,0.0,0.0,0.0
pro6,0,p3,birdstrikes,birdstrikesbde,open,0.5714285714285714,0.4285714285714285,0.0,0.0
pro6,1,p3,birdstrikes,birdstrikesbde,open,0.6756756756756757,0.3243243243243243,0.0,0.0
pro6,0,p4,birdstrikes,birdstrikesbde,open,0.5333333333333333,0.4666666666666667,0.0,0.0
pro6,1,p4,birdstrikes,birdstrikesbde,open,0.6842105263157895,0.3157894736842105,0.0,0.0
pro7,0,p1,birdstrikes,birdstrikesbde,focused,0.6363636363636364,0.303030303030303,0.0606060606060606,0.0
pro7,1,p1,birdstrikes,birdstrikesbde,focused,0.7222222222222222,0.2777777777777778,0.0,0.0
pro7,0,p2,birdstrikes,birdstrikesbde,focused,0.5555555555555556,0.4444444444444444,0.0,0.0
pro7,1,p2,birdstrikes,birdstrikesbde,focused,0.9,0.1,0.0,0.0
pro7,0,p3,birdstrikes,birdstrikesbde,open,0.7972972972972973,0.2027027027027027,0.0,0.0
pro7,1,p3,birdstrikes,birdstrikesbde,open,0.7049180327868853,0.2950819672131147,0.0,0.0
pro7,0,p4,birdstrikes,birdstrikesbde,open,0.7692307692307693,0.2307692307692307,0.0,0.0
pro7,1,p4,birdstrikes,birdstrikesbde,open,0.7419354838709677,0.2580645161290322,0.0,0.0
pro8,0,p1,movies,moviesacf,focused,0.54,0.18,0.28,0.0
pro8,1,p1,movies,moviesacf,focused,0.5660377358490566,0.1509433962264151,0.2830188679245283,0.0
pro8,0,p2,movies,moviesacf,focused,0.6346153846153846,0.1923076923076923,0.173076923076923,0.0
pro8,1,p2,movies,moviesacf,focused,0.8769230769230769,0.0769230769230769,0.0307692307692307,0.0153846153846153
pro8,0,p3,movies,moviesacf,open,0.5454545454545454,0.3090909090909091,0.1454545454545454,0.0
pro8,1,p3,movies,moviesacf,open,0.6857142857142857,0.2571428571428571,0.0571428571428571,0.0
pro8,0,p4,movies,moviesacf,open,0.6333333333333333,0.2333333333333333,0.1333333333333333,0.0
pro8,1,p4,movies,moviesacf,open,0.6938775510204082,0.2244897959183673,0.0816326530612244,0.0
pro9,0,p1,movies,moviesacf,focused,0.5263157894736842,0.3157894736842105,0.1578947368421052,0.0
pro9,1,p1,movies,moviesacf,focused,0.7333333333333333,0.0666666666666666,0.2,0.0
pro9,0,p2,movies,moviesacf,focused,0.5882352941176471,0.1764705882352941,0.2352941176470588,0.0
pro9,1,p2,movies,moviesacf,focused,1.0,0.0,0.0,0.0
pro9,0,p3,movies,moviesacf,open,0.6956521739130435,0.1630434782608695,0.0652173913043478,0.0760869565217391
pro9,1,p3,movies,moviesacf,open,0.6875,0.265625,0.046875,0.0
pro9,0,p4,movies,moviesacf,open,0.5,0.5,0.0,0.0
pro9,1,p4,movies,moviesacf,open,0.6296296296296297,0.3209876543209876,0.037037037037037,0.0123456790123456
stu1,0,p1,birdstrikes,birdstrikesbce,focused,0.48,0.48,0.04,0.0
stu1,1,p1,birdstrikes,birdstrikesbce,focused,0.66,0.34,0.0,0.0
stu1,0,p2,birdstrikes,birdstrikesbce,focused,0.6923076923076923,0.3076923076923077,0.0,0.0
stu1,1,p2,birdstrikes,birdstrikesbce,focused,0.7857142857142857,0.2142857142857142,0.0,0.0
stu1,0,p3,birdstrikes,birdstrikesbce,open,0.7466666666666667,0.2533333333333333,0.0,0.0
stu1,1,p3,birdstrikes,birdstrikesbce,open,0.6567164179104478,0.3134328358208955,0.0298507462686567,0.0
stu1,0,p4,birdstrikes,birdstrikesbce,open,0.64,0.36,0.0,0.0
stu1,1,p4,birdstrikes,birdstrikesbce,open,0.5344827586206896,0.4482758620689655,0.0172413793103448,0.0
stu10,0,p1,movies,moviesacf,focused,0.7857142857142857,0.1428571428571428,0.0714285714285714,0.0
stu10,1,p1,movies,moviesacf,focused,0.5,0.25,0.15,0.1
stu10,0,p2,movies,moviesacf,focused,0.7142857142857143,0.2142857142857142,0.0714285714285714,0.0
stu10,1,p2,movies,moviesacf,focused,0.8333333333333334,0.1111111111111111,0.0555555555555555,0.0
stu10,0,p3,movies,moviesacf,open,0.703125,0.265625,0.03125,0.0
stu10,1,p3,movies,moviesacf,open,0.85,0.15,0.0,0.0
stu10,0,p4,movies,moviesacf,open,0.7884615384615384,0.2115384615384615,0.0,0.0
stu10,1,p4,movies,moviesacf,open,0.835820895522388,0.1641791044776119,0.0,0.0
stu11,0,p1,movies,moviesadf,focused,0.6363636363636364,0.3636363636363636,0.0,0.0
stu11,1,p1,movies,moviesadf,focused,0.7777777777777778,0.2222222222222222,0.0,0.0
stu11,0,p2,movies,moviesadf,focused,0.6666666666666666,0.3333333333333333,0.0,0.0
stu11,1,p2,movies,moviesadf,focused,0.6666666666666666,0.3333333333333333,0.0,0.0
stu11,0,p3,movies,moviesadf,open,0.8695652173913043,0.1304347826086956,0.0,0.0
stu11,1,p3,movies,moviesadf,open,0.546875,0.453125,0.0,0.0
stu11,0,p4,movies,moviesadf,open,0.5192307692307693,0.4230769230769231,0.0576923076923076,0.0
stu11,1,p4,movies,moviesadf,open,0.7547169811320755,0.2264150943396226,0.0188679245283018,0.0
stu12,0,p1,birdstrikes,birdstrikesbdf,focused,0.7777777777777778,0.2222222222222222,0.0,0.0
stu12,1,p1,birdstrikes,birdstrikesbdf,focused,0.3793103448275862,0.5862068965517241,0.0344827586206896,0.0
stu12,0,p2,birdstrikes,birdstrikesbdf,focused,0.7222222222222222,0.2222222222222222,0.0555555555555555,0.0
stu12,1,p2,birdstrikes,birdstrikesbdf,focused,1.0,0.0,0.0,0.0
stu12,0,p3,birdstrikes,birdstrikesbdf,open,0.7866666666666666,0.1866666666666666,0.0266666666666666,0.0
stu12,1,p3,birdstrikes,birdstrikesbdf,open,0.6382978723404256,0.2978723404255319,0.0638297872340425,0.0
stu12,0,p4,birdstrikes,birdstrikesbdf,open,0.664,0.32,0.016,0.0
stu12,1,p4,birdstrikes,birdstrikesbdf,open,0.6774193548387096,0.2838709677419355,0.0387096774193548,0.0
stu13,0,p1,movies,moviesacf,focused,0.6666666666666666,0.3333333333333333,0.0,0.0
stu13,1,p1,movies,moviesacf,focused,0.7272727272727273,0.0909090909090909,0.1818181818181818,0.0
stu13,0,p2,movies,moviesacf,focused,0.8125,0.0625,0.125,0.0
stu13,1,p2,movies,moviesacf,focused,0.6666666666666666,0.0,0.3333333333333333,0.0
stu13,0,p3,movies,moviesacf,open,0.7,0.24,0.06,0.0
stu13,1,p3,movies,moviesacf,open,0.6875,0.3125,0.0,0.0
stu13,0,p4,movies,moviesacf,open,0.7142857142857143,0.2448979591836734,0.0408163265306122,0.0
stu13,1,p4,movies,moviesacf,open,0.7142857142857143,0.2857142857142857,0.0,0.0
stu14,0,p1,birdstrikes,birdstrikesbcf,focused,0.6666666666666666,0.3333333333333333,0.0,0.0
stu14,1,p1,birdstrikes,birdstrikesbcf,focused,0.8,0.15,0.05,0.0
stu14,0,p2,birdstrikes,birdstrikesbcf,focused,0.7777777777777778,0.2222222222222222,0.0,0.0
stu14,1,p2,birdstrikes,birdstrikesbcf,focused,0.7333333333333333,0.0666666666666666,0.1666666666666666,0.0333333333333333
stu14,0,p3,birdstrikes,birdstrikesbcf,open,0.7301587301587301,0.1428571428571428,0.1269841269841269,0.0
stu14,1,p3,birdstrikes,birdstrikesbcf,open,0.631578947368421,0.3421052631578947,0.0263157894736842,0.0
stu14,0,p4,birdstrikes,birdstrikesbcf,open,0.5632183908045977,0.2528735632183908,0.1724137931034483,0.0114942528735632
stu14,1,p4,birdstrikes,birdstrikesbcf,open,0.7222222222222222,0.2222222222222222,0.0555555555555555,0.0
stu15,0,p1,movies,moviesade,focused,0.75,0.25,0.0,0.0
stu15,1,p1,movies,moviesade,focused,1.0,0.0,0.0,0.0
stu15,0,p2,movies,moviesade,focused,0.6911764705882353,0.3088235294117647,0.0,0.0
stu15,1,p2,movies,moviesade,focused,0.576271186440678,0.423728813559322,0.0,0.0
stu15,0,p3,movies,moviesade,open,0.5760869565217391,0.4130434782608695,0.0108695652173913,0.0
stu15,1,p3,movies,moviesade,open,0.6086956521739131,0.391304347826087,0.0,0.0
stu15,0,p4,movies,moviesade,open,0.3707865168539326,0.6067415730337079,0.0224719101123595,0.0
stu15,1,p4,movies,moviesade,open,0.253012048192771,0.7228915662650602,0.0240963855421686,0.0
stu16,0,p1,birdstrikes,birdstrikesbcf,focused,0.7088607594936709,0.1265822784810126,0.1645569620253164,0.0
stu16,1,p1,birdstrikes,birdstrikesbcf,focused,0.6619718309859155,0.1830985915492957,0.1549295774647887,0.0
stu16,0,p2,birdstrikes,birdstrikesbcf,focused,0.7916666666666666,0.125,0.0833333333333333,0.0
stu16,1,p2,birdstrikes,birdstrikesbcf,focused,0.7380952380952381,0.0238095238095238,0.2142857142857142,0.0238095238095238
stu16,0,p3,birdstrikes,birdstrikesbcf,open,0.7464788732394366,0.1549295774647887,0.0985915492957746,0.0
stu16,1,p3,birdstrikes,birdstrikesbcf,open,0.7391304347826086,0.0869565217391304,0.1739130434782608,0.0
stu16,0,p4,birdstrikes,birdstrikesbcf,open,0.7916666666666666,0.15,0.0583333333333333,0.0
stu16,1,p4,birdstrikes,birdstrikesbcf,open,0.782258064516129,0.1129032258064516,0.1048387096774193,0.0
stu17,0,p1,movies,moviesace,focused,0.5,0.5,0.0,0.0
stu17,1,p1,movies,moviesace,focused,0.5,0.5,0.0,0.0
stu17,0,p2,movies,moviesace,focused,0.7142857142857143,0.2857142857142857,0.0,0.0
stu17,1,p2,movies,moviesace,focused,0.75,0.25,0.0,0.0
stu17,0,p3,movies,moviesace,open,0.3888888888888889,0.6111111111111112,0.0,0.0
stu17,1,p3,movies,moviesace,open,0.5161290322580645,0.4838709677419355,0.0,0.0
stu17,0,p4,movies,moviesace,open,0.7647058823529411,0.2352941176470588,0.0,0.0
stu17,1,p4,movies,moviesace,open,0.3823529411764705,0.5882352941176471,0.0294117647058823,0.0
stu18,0,p1,birdstrikes,birdstrikesbde,focused,0.7083333333333334,0.2916666666666667,0.0,0.0
stu18,1,p1,birdstrikes,birdstrikesbde,focused,0.6666666666666666,0.3333333333333333,0.0,0.0
stu18,0,p2,birdstrikes,birdstrikesbde,focused,0.8333333333333334,0.1666666666666666,0.0,0.0
stu18,1,p2,birdstrikes,birdstrikesbde,focused,0.9130434782608696,0.0869565217391304,0.0,0.0
stu18,0,p3,birdstrikes,birdstrikesbde,open,0.7333333333333333,0.2666666666666666,0.0,0.0
stu18,1,p3,birdstrikes,birdstrikesbde,open,0.7164179104477612,0.2686567164179104,0.0149253731343283,0.0
stu18,0,p4,birdstrikes,birdstrikesbde,open,0.7857142857142857,0.2142857142857142,0.0,0.0
stu18,1,p4,birdstrikes,birdstrikesbde,open,0.7647058823529411,0.2352941176470588,0.0,0.0
stu19,0,p1,birdstrikes,birdstrikesbde,focused,0.2,0.8,0.0,0.0
stu19,1,p1,birdstrikes,birdstrikesbde,focused,0.7142857142857143,0.2857142857142857,0.0,0.0
stu19,0,p2,birdstrikes,birdstrikesbde,focused,0.6428571428571429,0.3571428571428571,0.0,0.0
stu19,1,p2,birdstrikes,birdstrikesbde,focused,1.0,0.0,0.0,0.0
stu19,0,p3,birdstrikes,birdstrikesbde,open,0.5416666666666666,0.4583333333333333,0.0,0.0
stu19,1,p3,birdstrikes,birdstrikesbde,open,0.8947368421052632,0.1052631578947368,0.0,0.0
stu19,0,p4,birdstrikes,birdstrikesbde,open,0.6931818181818182,0.3068181818181818,0.0,0.0
stu19,1,p4,birdstrikes,birdstrikesbde,open,0.5365853658536586,0.4390243902439024,0.024390243902439,0.0
stu2,0,p1,birdstrikes,birdstrikesbce,focused,0.6976744186046512,0.3023255813953488,0.0,0.0
stu2,1,p1,birdstrikes,birdstrikesbce,focused,0.7,0.3,0.0,0.0
stu2,0,p2,birdstrikes,birdstrikesbce,focused,0.875,0.125,0.0,0.0
stu2,1,p2,birdstrikes,birdstrikesbce,focused,0.7692307692307693,0.2307692307692307,0.0,0.0
stu2,0,p3,birdstrikes,birdstrikesbce,open,0.7605633802816901,0.2394366197183098,0.0,0.0
stu2,1,p3,birdstrikes,birdstrikesbce,open,0.6470588235294118,0.3529411764705882,0.0,0.0
stu2,0,p4,birdstrikes,birdstrikesbce,open,0.8306010928961749,0.1693989071038251,0.0,0.0
stu2,1,p4,birdstrikes,birdstrikesbce,open,0.8029197080291971,0.1897810218978102,0.0072992700729927,0.0
stu20,0,p1,birdstrikes,birdstrikesbdf,focused,1.0,0.0,0.0,0.0
stu20,1,p1,birdstrikes,birdstrikesbdf,focused,0.4166666666666667,0.5833333333333334,0.0,0.0
stu20,0,p2,birdstrikes,birdstrikesbdf,focused,0.6666666666666666,0.3333333333333333,0.0,0.0
stu20,1,p2,birdstrikes,birdstrikesbdf,focused,1.0,0.0,0.0,0.0
stu20,0,p3,birdstrikes,birdstrikesbdf,open,0.7058823529411765,0.2941176470588235,0.0,0.0
stu20,1,p3,birdstrikes,birdstrikesbdf,open,0.6571428571428571,0.3428571428571428,0.0,0.0
stu20,0,p4,birdstrikes,birdstrikesbdf,open,0.4782608695652174,0.5217391304347826,0.0,0.0
stu20,1,p4,birdstrikes,birdstrikesbdf,open,1.0,0.0,0.0,0.0
stu21,0,p1,movies,moviesace,focused,0.3846153846153846,0.6153846153846154,0.0,0.0
stu21,1,p1,movies,moviesace,focused,0.625,0.375,0.0,0.0
stu21,0,p2,movies,moviesace,focused,0.5050505050505051,0.494949494949495,0.0,0.0
stu21,1,p2,movies,moviesace,focused,0.4594594594594595,0.4864864864864865,0.054054054054054,0.0
stu21,0,p3,movies,moviesace,open,0.66,0.34,0.0,0.0
stu21,1,p3,movies,moviesace,open,0.5483870967741935,0.4516129032258064,0.0,0.0
stu21,0,p4,movies,moviesace,open,0.7457627118644068,0.2542372881355932,0.0,0.0
stu21,1,p4,movies,moviesace,open,0.6956521739130435,0.3043478260869565,0.0,0.0
stu22,0,p1,birdstrikes,birdstrikesbde,focused,0.4,0.5142857142857142,0.0857142857142857,0.0
stu22,1,p1,birdstrikes,birdstrikesbde,focused,0.6538461538461539,0.3076923076923077,0.0384615384615384,0.0
stu22,0,p2,birdstrikes,birdstrikesbde,focused,0.6119402985074627,0.3880597014925373,0.0,0.0
stu22,1,p2,birdstrikes,birdstrikesbde,focused,0.5714285714285714,0.3857142857142857,0.0428571428571428,0.0
stu22,0,p3,birdstrikes,birdstrikesbde,open,0.6379310344827587,0.3534482758620689,0.0086206896551724,0.0
stu22,1,p3,birdstrikes,birdstrikesbde,open,0.5333333333333333,0.4266666666666667,0.04,0.0
stu22,0,p4,birdstrikes,birdstrikesbde,open,0.75,0.25,0.0,0.0
stu22,1,p4,birdstrikes,birdstrikesbde,open,0.7058823529411765,0.2941176470588235,0.0,0.0
stu23,0,p1,birdstrikes,birdstrikesbdf,focused,0.5,0.34375,0.15625,0.0
stu23,1,p1,birdstrikes,birdstrikesbdf,focused,0.5652173913043478,0.217391304347826,0.217391304347826,0.0
stu23,0,p2,birdstrikes,birdstrikesbdf,focused,0.5277777777777778,0.4722222222222222,0.0,0.0
stu23,1,p2,birdstrikes,birdstrikesbdf,focused,0.7083333333333334,0.25,0.0416666666666666,0.0
stu23,0,p3,birdstrikes,birdstrikesbdf,open,0.625,0.325,0.05,0.0
stu23,1,p3,birdstrikes,birdstrikesbdf,open,0.6666666666666666,0.2051282051282051,0.1282051282051282,0.0
stu23,0,p4,birdstrikes,birdstrikesbdf,open,0.5609756097560976,0.4390243902439024,0.0,0.0
stu23,1,p4,birdstrikes,birdstrikesbdf,open,0.82,0.18,0.0,0.0
stu24,0,p1,movies,moviesace,focused,0.4,0.6,0.0,0.0
stu24,1,p1,movies,moviesace,focused,1.0,0.0,0.0,0.0
stu24,0,p2,movies,moviesace,focused,0.8666666666666667,0.1333333333333333,0.0,0.0
stu24,1,p2,movies,moviesace,focused,0.7777777777777778,0.2222222222222222,0.0,0.0
stu24,0,p3,movies,moviesace,open,0.4342105263157895,0.5,0.0657894736842105,0.0
stu24,1,p3,movies,moviesace,open,0.5735294117647058,0.3529411764705882,0.0735294117647058,0.0
stu24,0,p4,movies,moviesace,open,0.5098039215686274,0.4509803921568627,0.0392156862745098,0.0
stu24,1,p4,movies,moviesace,open,0.5128205128205128,0.4615384615384615,0.0256410256410256,0.0
stu25,0,p1,movies,moviesace,focused,0.7931034482758621,0.2068965517241379,0.0,0.0
stu25,1,p1,movies,moviesace,focused,0.9130434782608696,0.0869565217391304,0.0,0.0
stu25,0,p2,movies,moviesace,focused,0.75,0.25,0.0,0.0
stu25,1,p2,movies,moviesace,focused,0.9333333333333332,0.0666666666666666,0.0,0.0
stu25,0,p3,movies,moviesace,open,0.75,0.25,0.0,0.0
stu25,1,p3,movies,moviesace,open,0.631578947368421,0.3508771929824561,0.0175438596491228,0.0
stu25,0,p4,movies,moviesace,open,0.5180722891566265,0.4819277108433735,0.0,0.0
stu25,1,p4,movies,moviesace,open,0.5,0.5,0.0,0.0
stu26,0,p1,movies,moviesace,focused,0.9,0.1,0.0,0.0
stu26,1,p1,movies,moviesace,focused,0.7777777777777778,0.2222222222222222,0.0,0.0
stu26,0,p2,movies,moviesace,focused,0.5,0.5,0.0,0.0
stu26,1,p2,movies,moviesace,focused,1.0,0.0,0.0,0.0
stu26,0,p3,movies,moviesace,open,0.6829268292682927,0.3089430894308943,0.008130081300813,0.0
stu26,1,p3,movies,moviesace,open,0.625,0.375,0.0,0.0
stu26,0,p4,movies,moviesace,open,0.5928571428571429,0.3642857142857142,0.0428571428571428,0.0
stu26,1,p4,movies,moviesace,open,0.7844311377245509,0.2155688622754491,0.0,0.0
stu27,0,p1,birdstrikes,birdstrikesbdf,focused,0.5789473684210527,0.4210526315789473,0.0,0.0
stu27,1,p1,birdstrikes,birdstrikesbdf,focused,0.92,0.08,0.0,0.0
stu27,0,p2,birdstrikes,birdstrikesbdf,focused,0.6666666666666666,0.238095238095238,0.0952380952380952,0.0
stu27,1,p2,birdstrikes,birdstrikesbdf,focused,0.6923076923076923,0.1538461538461538,0.0769230769230769,0.0769230769230769
stu27,0,p3,birdstrikes,birdstrikesbdf,open,0.5873015873015873,0.3333333333333333,0.0793650793650793,0.0
stu27,1,p3,birdstrikes,birdstrikesbdf,open,0.7035398230088495,0.2654867256637168,0.0309734513274336,0.0
stu27,0,p4,birdstrikes,birdstrikesbdf,open,0.5925925925925926,0.3086419753086419,0.0864197530864197,0.0123456790123456
stu27,1,p4,birdstrikes,birdstrikesbdf,open,0.6666666666666666,0.2926829268292683,0.040650406504065,0.0
stu28,0,p1,birdstrikes,birdstrikesbde,focused,0.6923076923076923,0.3076923076923077,0.0,0.0
stu28,1,p1,birdstrikes,birdstrikesbde,focused,0.4285714285714285,0.5714285714285714,0.0,0.0
stu28,0,p2,birdstrikes,birdstrikesbde,focused,0.6190476190476191,0.3809523809523809,0.0,0.0
stu28,1,p2,birdstrikes,birdstrikesbde,focused,0.875,0.125,0.0,0.0
stu28,0,p3,birdstrikes,birdstrikesbde,open,0.6811594202898551,0.3188405797101449,0.0,0.0
stu28,1,p3,birdstrikes,birdstrikesbde,open,0.6166666666666667,0.35,0.0333333333333333,0.0
stu28,0,p4,birdstrikes,birdstrikesbde,open,0.7394957983193278,0.2605042016806723,0.0,0.0
stu28,1,p4,birdstrikes,birdstrikesbde,open,0.6385542168674698,0.3373493975903614,0.0240963855421686,0.0
stu29,0,p1,movies,moviesade,focused,0.8888888888888888,0.1111111111111111,0.0,0.0
stu29,1,p1,movies,moviesade,focused,1.0,0.0,0.0,0.0
stu29,0,p2,movies,moviesade,focused,0.75,0.25,0.0,0.0
stu29,1,p2,movies,moviesade,focused,0.6666666666666666,0.3333333333333333,0.0,0.0
stu29,0,p3,movies,moviesade,open,0.7142857142857143,0.2857142857142857,0.0,0.0
stu29,1,p3,movies,moviesade,open,0.6451612903225806,0.3548387096774194,0.0,0.0
stu29,0,p4,movies,moviesade,open,0.5238095238095238,0.4761904761904761,0.0,0.0
stu29,1,p4,movies,moviesade,open,0.6781609195402298,0.3103448275862069,0.0114942528735632,0.0
stu3,0,p1,movies,moviesacf,focused,0.6666666666666666,0.3333333333333333,0.0,0.0
stu3,1,p1,movies,moviesacf,focused,1.0,0.0,0.0,0.0
stu3,0,p2,movies,moviesacf,focused,0.6585365853658537,0.024390243902439,0.2195121951219512,0.0975609756097561
stu3,1,p2,movies,moviesacf,focused,0.7931034482758621,0.0344827586206896,0.0689655172413793,0.1034482758620689
stu3,0,p3,movies,moviesacf,open,0.686046511627907,0.0930232558139534,0.1686046511627907,0.0523255813953488
stu3,1,p3,movies,moviesacf,open,0.8256880733944955,0.036697247706422,0.1192660550458715,0.018348623853211
stu3,0,p4,movies,moviesacf,open,0.6538461538461539,0.173076923076923,0.1634615384615384,0.0096153846153846
stu3,1,p4,movies,moviesacf,open,0.7299270072992701,0.1021897810218978,0.1605839416058394,0.0072992700729927
stu30,0,p1,movies,moviesadf,focused,0.9,0.1,0.0,0.0
stu30,1,p1,movies,moviesadf,focused,1.0,0.0,0.0,0.0
stu30,0,p2,movies,moviesadf,focused,0.5714285714285714,0.4285714285714285,0.0,0.0
stu30,1,p2,movies,moviesadf,focused,1.0,0.0,0.0,0.0
stu30,0,p3,movies,moviesadf,open,0.6666666666666666,0.2916666666666667,0.0416666666666666,0.0
stu30,1,p3,movies,moviesadf,open,0.6333333333333333,0.2833333333333333,0.0833333333333333,0.0
stu30,0,p4,movies,moviesadf,open,0.582089552238806,0.417910447761194,0.0,0.0
stu30,1,p4,movies,moviesadf,open,0.5797101449275363,0.4202898550724637,0.0,0.0
stu31,0,p1,movies,moviesade,focused,0.8484848484848485,0.1515151515151515,0.0,0.0
stu31,1,p1,movies,moviesade,focused,0.6923076923076923,0.3076923076923077,0.0,0.0
stu31,0,p2,movies,moviesade,focused,0.7222222222222222,0.2777777777777778,0.0,0.0
stu31,1,p2,movies,moviesade,focused,0.625,0.375,0.0,0.0
stu31,0,p3,movies,moviesade,open,0.5609756097560976,0.4390243902439024,0.0,0.0
stu31,1,p3,movies,moviesade,open,0.4461538461538462,0.5538461538461539,0.0,0.0
stu31,0,p4,movies,moviesade,open,0.7829457364341085,0.2170542635658914,0.0,0.0
stu31,1,p4,movies,moviesade,open,0.5079365079365079,0.492063492063492,0.0,0.0
stu32,0,p1,birdstrikes,birdstrikesbce,focused,0.5,0.5,0.0,0.0
stu32,1,p1,birdstrikes,birdstrikesbce,focused,0.5333333333333333,0.4666666666666667,0.0,0.0
stu32,0,p2,birdstrikes,birdstrikesbce,focused,0.8260869565217391,0.1739130434782608,0.0,0.0
stu32,1,p2,birdstrikes,birdstrikesbce,focused,1.0,0.0,0.0,0.0
stu32,0,p3,birdstrikes,birdstrikesbce,open,0.6470588235294118,0.3529411764705882,0.0,0.0
stu32,1,p3,birdstrikes,birdstrikesbce,open,0.6416666666666667,0.3333333333333333,0.025,0.0
stu32,0,p4,birdstrikes,birdstrikesbce,open,0.6868686868686869,0.303030303030303,0.0101010101010101,0.0
stu32,1,p4,birdstrikes,birdstrikesbce,open,0.8153846153846154,0.1846153846153846,0.0,0.0
stu33,0,p1,birdstrikes,birdstrikesbce,focused,0.5531914893617021,0.4468085106382978,0.0,0.0
stu33,1,p1,birdstrikes,birdstrikesbce,focused,0.9411764705882352,0.0588235294117647,0.0,0.0
stu33,0,p2,birdstrikes,birdstrikesbce,focused,0.8,0.2,0.0,0.0
stu33,1,p2,birdstrikes,birdstrikesbce,focused,0.5555555555555556,0.4444444444444444,0.0,0.0
stu33,0,p3,birdstrikes,birdstrikesbce,open,0.8181818181818182,0.1818181818181818,0.0,0.0
stu33,1,p3,birdstrikes,birdstrikesbce,open,0.6226415094339622,0.3773584905660377,0.0,0.0
