u,Trial,Task,Dataset,Experiment,Openendedness,probabsame,probabmodify1,probabmodify2,probabmodify3
pro1,0,p1,birdstrikes,birdstrikesbcf,focused,0.3076923076923077,0.3076923076923077,0.3846153846153846,0.0
pro1,1,p1,birdstrikes,birdstrikesbcf,focused,0.3125,0.0,0.5625,0.125
pro1,0,p2,birdstrikes,birdstrikesbcf,focused,0.4444444444444444,0.3333333333333333,0.2222222222222222,0.0
pro1,1,p2,birdstrikes,birdstrikesbcf,focused,0.6470588235294118,0.2352941176470588,0.1176470588235294,0.0
pro1,0,p3,birdstrikes,birdstrikesbcf,open,0.5444444444444444,0.1333333333333333,0.2666666666666666,0.0555555555555555
pro1,1,p3,birdstrikes,birdstrikesbcf,open,0.6,0.1142857142857142,0.2714285714285714,0.0142857142857142
pro1,0,p4,birdstrikes,birdstrikesbcf,open,0.5777777777777777,0.3777777777777777,0.0444444444444444,0.0
pro1,1,p4,birdstrikes,birdstrikesbcf,open,0.7254901960784313,0.196078431372549,0.0784313725490196,0.0
pro10,0,p1,birdstrikes,birdstrikesbdf,focused,0.5,0.5,0.0,0.0
pro10,1,p1,birdstrikes,birdstrikesbdf,focused,1.0,0.0,0.0,0.0
pro10,0,p2,birdstrikes,birdstrikesbdf,focused,0.72,0.2,0.08,0.0
pro10,1,p2,birdstrikes,birdstrikesbdf,focused,0.8461538461538461,0.0769230769230769,0.0769230769230769,0.0
pro10,0,p3,birdstrikes,birdstrikesbdf,open,0.6271186440677966,0.1694915254237288,0.1610169491525423,0.0423728813559322
pro10,1,p3,birdstrikes,birdstrikesbdf,open,0.625,0.2352941176470588,0.125,0.0147058823529411
pro10,0,p4,birdstrikes,birdstrikesbdf,open,0.5,0.4153846153846154,0.0846153846153846,0.0
pro10,1,p4,birdstrikes,birdstrikesbdf,open,0.4313725490196078,0.3529411764705882,0.2058823529411764,0.0098039215686274
pro11,0,p1,birdstrikes,birdstrikesbcf,focused,0.62,0.16,0.2,0.02
pro11,1,p1,birdstrikes,birdstrikesbcf,focused,0.4736842105263157,0.2631578947368421,0.2368421052631578,0.0263157894736842
pro11,0,p2,birdstrikes,birdstrikesbcf,focused,0.5384615384615384,0.3461538461538461,0.1153846153846153,0.0
pro11,1,p2,birdstrikes,birdstrikesbcf,focused,0.5909090909090909,0.1363636363636363,0.2272727272727272,0.0454545454545454
pro11,0,p3,birdstrikes,birdstrikesbcf,open,0.7358490566037735,0.0566037735849056,0.1509433962264151,0.0566037735849056
pro11,1,p3,birdstrikes,birdstrikesbcf,open,0.6557377049180327,0.0655737704918032,0.2459016393442623,0.0327868852459016
pro11,0,p4,birdstrikes,birdstrikesbcf,open,0.6779661016949152,0.1694915254237288,0.1525423728813559,0.0
pro11,1,p4,birdstrikes,birdstrikesbcf,open,0.6576576576576577,0.2342342342342342,0.0990990990990991,0.009009009009009
pro12,0,p1,birdstrikes,birdstrikesbdf,focused,0.4848484848484848,0.4545454545454545,0.0303030303030303,0.0303030303030303
pro12,1,p1,birdstrikes,birdstrikesbdf,focused,0.5135135135135135,0.3243243243243243,0.1621621621621621,0.0
pro12,0,p2,birdstrikes,birdstrikesbdf,focused,0.5357142857142857,0.3214285714285714,0.0892857142857142,0.0535714285714285
pro12,1,p2,birdstrikes,birdstrikesbdf,focused,0.6666666666666666,0.1904761904761904,0.1428571428571428,0.0
pro12,0,p3,birdstrikes,birdstrikesbdf,open,0.5,0.5,0.0,0.0
pro12,1,p3,birdstrikes,birdstrikesbdf,open,0.4821428571428571,0.3392857142857143,0.125,0.0535714285714285
pro12,0,p4,birdstrikes,birdstrikesbdf,open,0.8267716535433071,0.1102362204724409,0.0551181102362204,0.0078740157480314
pro12,1,p4,birdstrikes,birdstrikesbdf,open,0.3050847457627119,0.288135593220339,0.3559322033898305,0.0508474576271186
pro13,0,p1,movies,moviesace,focused,0.3846153846153846,0.3846153846153846,0.2307692307692307,0.0
pro13,1,p1,movies,moviesace,focused,1.0,0.0,0.0,0.0
pro13,0,p2,movies,moviesace,focused,0.3333333333333333,0.5333333333333333,0.1333333333333333,0.0
pro13,1,p2,movies,moviesace,focused,0.8333333333333334,0.0,0.0,0.1666666666666666
pro13,0,p3,movies,moviesace,open,0.6615384615384615,0.123076923076923,0.2153846153846154,0.0
pro13,1,p3,movies,moviesace,open,0.5714285714285714,0.3492063492063492,0.0793650793650793,0.0
pro13,0,p4,movies,moviesace,open,0.45,0.525,0.025,0.0
pro13,1,p4,movies,moviesace,open,0.6103896103896104,0.2727272727272727,0.1168831168831168,0.0
pro14,0,p1,birdstrikes,birdstrikesbdf,focused,0.4545454545454545,0.5454545454545454,0.0,0.0
pro14,1,p1,birdstrikes,birdstrikesbdf,focused,0.5,0.4285714285714285,0.0714285714285714,0.0
pro14,0,p2,birdstrikes,birdstrikesbdf,focused,0.4705882352941176,0.4117647058823529,0.0588235294117647,0.0588235294117647
pro14,1,p2,birdstrikes,birdstrikesbdf,focused,0.2413793103448276,0.5172413793103449,0.2413793103448276,0.0
pro14,0,p3,birdstrikes,birdstrikesbdf,open,0.45,0.4,0.15,0.0
pro14,1,p3,birdstrikes,birdstrikesbdf,open,0.6875,0.25,0.0625,0.0
pro14,0,p4,birdstrikes,birdstrikesbdf,open,0.6619718309859155,0.2816901408450704,0.0422535211267605,0.0140845070422535
pro14,1,p4,birdstrikes,birdstrikesbdf,open,0.5757575757575758,0.303030303030303,0.0909090909090909,0.0303030303030303
pro15,0,p1,movies,moviesade,focused,0.8235294117647058,0.1764705882352941,0.0,0.0
pro15,1,p1,movies,moviesade,focused,0.4285714285714285,0.2857142857142857,0.2857142857142857,0.0
pro15,0,p2,movies,moviesade,focused,0.6451612903225806,0.1612903225806451,0.1935483870967742,0.0
pro15,1,p2,movies,moviesade,focused,0.6666666666666666,0.2222222222222222,0.0555555555555555,0.0555555555555555
pro15,0,p3,movies,moviesade,open,0.3902439024390244,0.4024390243902439,0.1829268292682926,0.024390243902439
pro15,1,p3,movies,moviesade,open,0.32,0.68,0.0,0.0
pro15,0,p4,movies,moviesade,open,0.4137931034482758,0.5689655172413793,0.0172413793103448,0.0
pro15,1,p4,movies,moviesade,open,0.3793103448275862,0.5862068965517241,0.0344827586206896,0.0
pro16,0,p1,birdstrikes,birdstrikesbce,focused,0.8,0.2,0.0,0.0
pro16,1,p1,birdstrikes,birdstrikesbce,focused,1.0,0.0,0.0,0.0
pro16,0,p2,birdstrikes,birdstrikesbce,focused,0.55,0.35,0.1,0.0
pro16,1,p2,birdstrikes,birdstrikesbce,focused,0.8333333333333334,0.1666666666666666,0.0,0.0
pro16,0,p3,birdstrikes,birdstrikesbce,open,0.5581395348837209,0.1860465116279069,0.2558139534883721,0.0
pro16,1,p3,birdstrikes,birdstrikesbce,open,0.4468085106382978,0.0851063829787234,0.4468085106382978,0.0212765957446808
pro16,0,p4,birdstrikes,birdstrikesbce,open,0.7538461538461538,0.2461538461538461,0.0,0.0
pro16,1,p4,birdstrikes,birdstrikesbce,open,0.5365853658536586,0.2682926829268293,0.1951219512195122,0.0
pro17,0,p1,movies,moviesace,focused,0.6785714285714286,0.25,0.0714285714285714,0.0
pro17,1,p1,movies,moviesace,focused,0.7083333333333334,0.2916666666666667,0.0,0.0
pro17,0,p2,movies,moviesace,focused,0.6938775510204082,0.3061224489795918,0.0,0.0
pro17,1,p2,movies,moviesace,focused,0.6818181818181818,0.2727272727272727,0.0454545454545454,0.0
pro17,0,p3,movies,moviesace,open,0.4027777777777778,0.4305555555555556,0.1527777777777778,0.0138888888888888
pro17,1,p3,movies,moviesace,open,0.7183098591549296,0.1408450704225352,0.0985915492957746,0.0422535211267605
pro17,0,p4,movies,moviesace,open,0.4924242424242424,0.1969696969696969,0.2954545454545454,0.0151515151515151
pro17,1,p4,movies,moviesace,open,0.6028368794326241,0.3191489361702128,0.0709219858156028,0.0070921985815602
pro18,0,p1,movies,moviesadf,focused,0.7333333333333333,0.2666666666666666,0.0,0.0
pro18,1,p1,movies,moviesadf,focused,0.3157894736842105,0.4210526315789473,0.2631578947368421,0.0
pro18,0,p2,movies,moviesadf,focused,0.8095238095238095,0.0952380952380952,0.0952380952380952,0.0
pro18,1,p2,movies,moviesadf,focused,1.0,0.0,0.0,0.0
pro18,0,p3,movies,moviesadf,open,0.3787878787878788,0.4242424242424242,0.1666666666666666,0.0303030303030303
pro18,1,p3,movies,moviesadf,open,0.4181818181818181,0.4545454545454545,0.109090909090909,0.0181818181818181
pro18,0,p4,movies,moviesadf,open,0.4468085106382978,0.5531914893617021,0.0,0.0
pro18,1,p4,movies,moviesadf,open,0.25,0.75,0.0,0.0
pro19,0,p1,birdstrikes,birdstrikesbcf,focused,0.6428571428571429,0.0714285714285714,0.2857142857142857,0.0
pro19,1,p1,birdstrikes,birdstrikesbcf,focused,0.5625,0.15625,0.21875,0.0625
pro19,0,p2,birdstrikes,birdstrikesbcf,focused,0.5555555555555556,0.0833333333333333,0.3055555555555556,0.0555555555555555
pro19,1,p2,birdstrikes,birdstrikesbcf,focused,0.6428571428571429,0.1785714285714285,0.1785714285714285,0.0
pro19,0,p3,birdstrikes,birdstrikesbcf,open,0.6764705882352942,0.1260504201680672,0.1848739495798319,0.0126050420168067
pro19,1,p3,birdstrikes,birdstrikesbcf,open,0.5502958579881657,0.0946745562130177,0.2781065088757396,0.0769230769230769
pro19,0,p4,birdstrikes,birdstrikesbcf,open,0.5753424657534246,0.1917808219178082,0.1986301369863013,0.0342465753424657
pro19,1,p4,birdstrikes,birdstrikesbcf,open,0.4262295081967213,0.1721311475409836,0.3278688524590163,0.0737704918032786
pro2,0,p1,birdstrikes,birdstrikesbce,focused,0.4302325581395348,0.2906976744186046,0.2325581395348837,0.0465116279069767
pro2,1,p1,birdstrikes,birdstrikesbce,focused,0.6363636363636364,0.2181818181818181,0.0727272727272727,0.0727272727272727
pro2,0,p2,birdstrikes,birdstrikesbce,focused,0.44,0.48,0.08,0.0
pro2,1,p2,birdstrikes,birdstrikesbce,focused,0.8095238095238095,0.1904761904761904,0.0,0.0
pro2,0,p3,birdstrikes,birdstrikesbce,open,0.4925373134328358,0.208955223880597,0.2537313432835821,0.044776119402985
pro2,1,p3,birdstrikes,birdstrikesbce,open,0.3918918918918919,0.2972972972972973,0.2702702702702703,0.0405405405405405
pro2,0,p4,birdstrikes,birdstrikesbce,open,0.564625850340136,0.3809523809523809,0.0544217687074829,0.0
pro2,1,p4,birdstrikes,birdstrikesbce,open,0.5373134328358209,0.3283582089552239,0.1343283582089552,0.0
pro20,0,p1,movies,moviesade,focused,0.6206896551724138,0.3793103448275862,0.0,0.0
pro20,1,p1,movies,moviesade,focused,0.6666666666666666,0.3333333333333333,0.0,0.0
pro20,0,p2,movies,moviesade,focused,0.625,0.34375,0.03125,0.0
pro20,1,p2,movies,moviesade,focused,0.6666666666666666,0.2777777777777778,0.0555555555555555,0.0
pro20,0,p3,movies,moviesade,open,0.5328467153284672,0.4306569343065693,0.0364963503649635,0.0
pro20,1,p3,movies,moviesade,open,0.547945205479452,0.4246575342465753,0.0273972602739726,0.0
pro20,0,p4,movies,moviesade,open,0.574468085106383,0.4184397163120567,0.0070921985815602,0.0
pro20,1,p4,movies,moviesade,open,0.5981308411214953,0.3644859813084112,0.0373831775700934,0.0
pro21,0,p1,movies,moviesade,focused,0.803921568627451,0.1372549019607843,0.0588235294117647,0.0
pro21,1,p1,movies,moviesade,focused,0.7894736842105263,0.0263157894736842,0.1842105263157894,0.0
pro21,0,p2,movies,moviesade,focused,0.627906976744186,0.2325581395348837,0.1395348837209302,0.0
pro21,1,p2,movies,moviesade,focused,0.6470588235294118,0.2941176470588235,0.0,0.0588235294117647
pro21,0,p3,movies,moviesade,open,0.3725490196078431,0.4754901960784313,0.1470588235294117,0.0049019607843137
pro21,1,p3,movies,moviesade,open,0.5409836065573771,0.2950819672131147,0.1475409836065573,0.0163934426229508
pro21,0,p4,movies,moviesade,open,0.4620253164556962,0.3164556962025316,0.2025316455696202,0.0189873417721519
pro21,1,p4,movies,moviesade,open,0.6339869281045751,0.1895424836601307,0.1699346405228758,0.0065359477124183
pro22,0,p1,movies,moviesade,focused,0.5961538461538461,0.3846153846153846,0.0192307692307692,0.0
pro22,1,p1,movies,moviesade,focused,0.9333333333333332,0.0666666666666666,0.0,0.0
pro22,0,p2,movies,moviesade,focused,0.4642857142857143,0.5357142857142857,0.0,0.0
pro22,1,p2,movies,moviesade,focused,0.5,0.34375,0.15625,0.0
pro22,0,p3,movies,moviesade,open,0.5691056910569106,0.2357723577235772,0.1788617886178861,0.016260162601626
pro22,1,p3,movies,moviesade,open,0.6533333333333333,0.0533333333333333,0.2666666666666666,0.0266666666666666
pro22,0,p4,movies,moviesade,open,0.6575342465753424,0.3150684931506849,0.0273972602739726,0.0
pro22,1,p4,movies,moviesade,open,0.703125,0.125,0.171875,0.0
pro23,0,p1,movies,moviesacf,focused,0.6764705882352942,0.1470588235294117,0.1764705882352941,0.0
pro23,1,p1,movies,moviesacf,focused,0.7,0.1,0.2,0.0
pro23,0,p2,movies,moviesacf,focused,0.6111111111111112,0.1944444444444444,0.1666666666666666,0.0277777777777777
pro23,1,p2,movies,moviesacf,focused,0.5333333333333333,0.1666666666666666,0.2666666666666666,0.0333333333333333
pro23,0,p3,movies,moviesacf,open,0.5142857142857142,0.1857142857142857,0.2714285714285714,0.0285714285714285
pro23,1,p3,movies,moviesacf,open,0.5847457627118644,0.0508474576271186,0.3305084745762712,0.0338983050847457
pro23,0,p4,movies,moviesacf,open,0.4615384615384615,0.4038461538461538,0.1346153846153846,0.0
pro23,1,p4,movies,moviesacf,open,0.7368421052631579,0.0701754385964912,0.1578947368421052,0.0350877192982456
pro24,0,p1,movies,moviesadf,focused,0.4375,0.5,0.0625,0.0
pro24,1,p1,movies,moviesadf,focused,0.5625,0.3125,0.125,0.0
pro24,0,p2,movies,moviesadf,focused,0.5789473684210527,0.2631578947368421,0.1578947368421052,0.0
pro24,1,p2,movies,moviesadf,focused,0.8,0.2,0.0,0.0
pro24,0,p3,movies,moviesadf,open,0.3888888888888889,0.25,0.3611111111111111,0.0
pro24,1,p3,movies,moviesadf,open,0.575,0.15,0.275,0.0
pro24,0,p4,movies,moviesadf,open,0.7254901960784313,0.2156862745098039,0.0392156862745098,0.0196078431372549
pro24,1,p4,movies,moviesadf,open,0.4827586206896552,0.2586206896551724,0.2241379310344827,0.0344827586206896
pro25,0,p1,movies,moviesacf,focused,0.5,0.5,0.0,0.0
pro25,1,p1,movies,moviesacf,focused,1.0,0.0,0.0,0.0
pro25,0,p2,movies,moviesacf,focused,0.5238095238095238,0.1904761904761904,0.2857142857142857,0.0
pro25,1,p2,movies,moviesacf,focused,1.0,0.0,0.0,0.0
pro25,0,p3,movies,moviesacf,open,0.4571428571428571,0.0428571428571428,0.5,0.0
pro25,1,p3,movies,moviesacf,open,0.4285714285714285,0.0178571428571428,0.4285714285714285,0.125
pro25,0,p4,movies,moviesacf,open,0.4691358024691358,0.1358024691358024,0.3703703703703703,0.0246913580246913
pro25,1,p4,movies,moviesacf,open,0.6119402985074627,0.1194029850746268,0.2686567164179104,0.0
pro26,0,p1,birdstrikes,birdstrikesbde,focused,0.4545454545454545,0.4242424242424242,0.0909090909090909,0.0303030303030303
pro26,1,p1,birdstrikes,birdstrikesbde,focused,0.65,0.35,0.0,0.0
pro26,0,p2,birdstrikes,birdstrikesbde,focused,0.6470588235294118,0.2352941176470588,0.1176470588235294,0.0
pro26,1,p2,birdstrikes,birdstrikesbde,focused,0.6363636363636364,0.3636363636363636,0.0,0.0
pro26,0,p3,birdstrikes,birdstrikesbde,open,0.4871794871794871,0.3333333333333333,0.0897435897435897,0.0897435897435897
pro26,1,p3,birdstrikes,birdstrikesbde,open,0.4090909090909091,0.3636363636363636,0.2272727272727272,0.0
pro26,0,p4,birdstrikes,birdstrikesbde,open,0.4545454545454545,0.3896103896103896,0.1428571428571428,0.0129870129870129
pro26,1,p4,birdstrikes,birdstrikesbde,open,0.6511627906976745,0.1860465116279069,0.1511627906976744,0.0116279069767441
pro27,0,p1,birdstrikes,birdstrikesbcf,focused,0.7272727272727273,0.1272727272727272,0.109090909090909,0.0363636363636363
pro27,1,p1,birdstrikes,birdstrikesbcf,focused,0.7272727272727273,0.109090909090909,0.1636363636363636,0.0
pro27,0,p2,birdstrikes,birdstrikesbcf,focused,0.4137931034482758,0.2758620689655172,0.3103448275862069,0.0
pro27,1,p2,birdstrikes,birdstrikesbcf,focused,0.65,0.25,0.1,0.0
pro27,0,p3,birdstrikes,birdstrikesbcf,open,0.5736434108527132,0.0930232558139534,0.2945736434108527,0.0387596899224806
pro27,1,p3,birdstrikes,birdstrikesbcf,open,0.4833333333333333,0.0333333333333333,0.45,0.0333333333333333
pro27,0,p4,birdstrikes,birdstrikesbcf,open,0.4909090909090909,0.2909090909090909,0.1909090909090909,0.0272727272727272
pro27,1,p4,birdstrikes,birdstrikesbcf,open,0.3333333333333333,0.4,0.2666666666666666,0.0
pro28,0,p1,birdstrikes,birdstrikesbce,focused,0.4761904761904761,0.5238095238095238,0.0,0.0
pro28,1,p1,birdstrikes,birdstrikesbce,focused,0.4545454545454545,0.5454545454545454,0.0,0.0
pro28,0,p2,birdstrikes,birdstrikesbce,focused,0.4210526315789473,0.2105263157894736,0.3684210526315789,0.0
pro28,1,p2,birdstrikes,birdstrikesbce,focused,0.7647058823529411,0.1176470588235294,0.0588235294117647,0.0588235294117647
pro28,0,p3,birdstrikes,birdstrikesbce,open,0.5508982035928144,0.2574850299401197,0.1437125748502994,0.0479041916167664
pro28,1,p3,birdstrikes,birdstrikesbce,open,0.7222222222222222,0.2777777777777778,0.0,0.0
pro28,0,p4,birdstrikes,birdstrikesbce,open,0.8082191780821918,0.1780821917808219,0.0136986301369863,0.0
pro28,1,p4,birdstrikes,birdstrikesbce,open,0.5476190476190477,0.2857142857142857,0.1547619047619047,0.0119047619047619
pro29,0,p1,movies,moviesace,focused,0.5441176470588235,0.3823529411764705,0.0735294117647058,0.0
pro29,1,p1,movies,moviesace,focused,0.7931034482758621,0.2068965517241379,0.0,0.0
pro29,0,p2,movies,moviesace,focused,0.4615384615384615,0.3846153846153846,0.1538461538461538,0.0
pro29,1,p2,movies,moviesace,focused,1.0,0.0,0.0,0.0
pro29,0,p3,movies,moviesace,open,0.6883116883116883,0.1818181818181818,0.1038961038961039,0.0259740259740259
pro29,1,p3,movies,moviesace,open,0.7156862745098039,0.2745098039215686,0.0098039215686274,0.0
pro29,0,p4,movies,moviesace,open,0.5929203539823009,0.2831858407079646,0.1150442477876106,0.0088495575221238
pro29,1,p4,movies,moviesace,open,0.64,0.34,0.02,0.0
pro3,0,p1,movies,moviesace,focused,0.5,0.5,0.0,0.0
pro3,1,p1,movies,moviesace,focused,0.5833333333333334,0.4166666666666667,0.0,0.0
pro3,0,p2,movies,moviesace,focused,0.3333333333333333,0.2857142857142857,0.2857142857142857,0.0952380952380952
pro3,1,p2,movies,moviesace,focused,0.6666666666666666,0.2424242424242424,0.0606060606060606,0.0303030303030303
pro3,0,p3,movies,moviesace,open,0.4,0.5777777777777777,0.0222222222222222,0.0
pro3,1,p3,movies,moviesace,open,0.5238095238095238,0.4285714285714285,0.0476190476190476,0.0
pro3,0,p4,movies,moviesace,open,0.5833333333333334,0.4166666666666667,0.0,0.0
pro3,1,p4,movies,moviesace,open,0.6060606060606061,0.2878787878787879,0.106060606060606,0.0
pro30,0,p1,birdstrikes,birdstrikesbde,focused,0.7894736842105263,0.2105263157894736,0.0,0.0
pro30,1,p1,birdstrikes,birdstrikesbde,focused,0.5,0.3571428571428571,0.1428571428571428,0.0
pro30,0,p2,birdstrikes,birdstrikesbde,focused,0.4166666666666667,0.4166666666666667,0.1666666666666666,0.0
pro30,1,p2,birdstrikes,birdstrikesbde,focused,1.0,0.0,0.0,0.0
pro30,0,p3,birdstrikes,birdstrikesbde,open,0.7441860465116279,0.1860465116279069,0.0465116279069767,0.0232558139534883
pro30,1,p3,birdstrikes,birdstrikesbde,open,0.6428571428571429,0.3571428571428571,0.0,0.0
pro30,0,p4,birdstrikes,birdstrikesbde,open,0.5,0.3928571428571428,0.1,0.0071428571428571
pro30,1,p4,birdstrikes,birdstrikesbde,open,0.6515151515151515,0.3257575757575757,0.0227272727272727,0.0
pro31,0,p1,movies,moviesadf,focused,0.6578947368421053,0.3421052631578947,0.0,0.0
pro31,1,p1,movies,moviesadf,focused,0.6923076923076923,0.3076923076923077,0.0,0.0
pro31,0,p2,movies,moviesadf,focused,0.4444444444444444,0.3333333333333333,0.2222222222222222,0.0
pro31,1,p2,movies,moviesadf,focused,0.5,0.5,0.0,0.0
pro31,0,p3,movies,moviesadf,open,0.6,0.0888888888888888,0.2222222222222222,0.0888888888888888
pro31,1,p3,movies,moviesadf,open,0.7719298245614035,0.1052631578947368,0.1228070175438596,0.0
pro31,0,p4,movies,moviesadf,open,0.525,0.2125,0.25,0.0125
pro31,1,p4,movies,moviesadf,open,0.3333333333333333,0.0972222222222222,0.5277777777777778,0.0416666666666666
pro32,0,p1,birdstrikes,birdstrikesbdf,focused,0.7777777777777778,0.2222222222222222,0.0,0.0
pro32,1,p1,birdstrikes,birdstrikesbdf,focused,0.6666666666666666,0.2222222222222222,0.1111111111111111,0.0
pro32,0,p2,birdstrikes,birdstrikesbdf,focused,0.625,0.25,0.1071428571428571,0.0178571428571428
pro32,1,p2,birdstrikes,birdstrikesbdf,focused,0.7058823529411765,0.1372549019607843,0.1568627450980392,0.0
pro32,0,p3,birdstrikes,birdstrikesbdf,open,0.6842105263157895,0.2526315789473684,0.0631578947368421,0.0
pro32,1,p3,birdstrikes,birdstrikesbdf,open,0.6153846153846154,0.1479289940828402,0.2366863905325443,0.0
pro32,0,p4,birdstrikes,birdstrikesbdf,open,0.464968152866242,0.445859872611465,0.0764331210191082,0.0127388535031847
pro32,1,p4,birdstrikes,birdstrikesbdf,open,0.4770114942528735,0.396551724137931,0.1034482758620689,0.0229885057471264
pro4,0,p1,birdstrikes,birdstrikesbce,focused,0.5517241379310345,0.4482758620689655,0.0,0.0
pro4,1,p1,birdstrikes,birdstrikesbce,focused,1.0,0.0,0.0,0.0
pro4,0,p2,birdstrikes,birdstrikesbce,focused,0.5531914893617021,0.3617021276595745,0.0638297872340425,0.0212765957446808
pro4,1,p2,birdstrikes,birdstrikesbce,focused,0.7666666666666667,0.1666666666666666,0.0666666666666666,0.0
pro4,0,p3,birdstrikes,birdstrikesbce,open,0.7659574468085106,0.1843971631205673,0.0496453900709219,0.0
pro4,1,p3,birdstrikes,birdstrikesbce,open,0.5040650406504065,0.4146341463414634,0.073170731707317,0.008130081300813
pro4,0,p4,birdstrikes,birdstrikesbce,open,0.8372093023255814,0.1395348837209302,0.0232558139534883,0.0
pro4,1,p4,birdstrikes,birdstrikesbce,open,0.8,0.18,0.02,0.0
pro5,0,p1,movies,moviesadf,focused,0.5555555555555556,0.4222222222222222,0.0222222222222222,0.0
pro5,1,p1,movies,moviesadf,focused,0.782608695652174,0.0869565217391304,0.1304347826086956,0.0
pro5,0,p2,movies,moviesadf,focused,0.84375,0.09375,0.0625,0.0
pro5,1,p2,movies,moviesadf,focused,0.5897435897435898,0.1025641025641025,0.3076923076923077,0.0
pro5,0,p3,movies,moviesadf,open,0.4444444444444444,0.4222222222222222,0.1111111111111111,0.0222222222222222
pro5,1,p3,movies,moviesadf,open,0.3404255319148936,0.0212765957446808,0.6170212765957447,0.0212765957446808
pro5,0,p4,movies,moviesadf,open,0.5,0.1875,0.265625,0.046875
pro5,1,p4,movies,moviesadf,open,0.509090909090909,0.0545454545454545,0.4363636363636363,0.0
pro6,0,p1,birdstrikes,birdstrikesbde,focused,0.8888888888888888,0.1111111111111111,0.0,0.0
pro6,1,p1,birdstrikes,birdstrikesbde,focused,0.75,0.25,0.0,0.0
pro6,0,p2,birdstrikes,birdstrikesbde,focused,0.5625,0.25,0.1875,0.0
pro6,1,p2,birdstrikes,birdstrikesbde,focused,1.0,0.0,0.0,0.0
pro6,0,p3,birdstrikes,birdstrikesbde,open,0.4444444444444444,0.4444444444444444,0.1111111111111111,0.0
pro6,1,p3,birdstrikes,birdstrikesbde,open,0.6666666666666666,0.3333333333333333,0.0,0.0
pro6,0,p4,birdstrikes,birdstrikesbde,open,0.5826086956521739,0.3130434782608696,0.1043478260869565,0.0
pro6,1,p4,birdstrikes,birdstrikesbde,open,0.6551724137931034,0.3448275862068966,0.0,0.0
pro7,0,p1,birdstrikes,birdstrikesbde,focused,0.6470588235294118,0.2941176470588235,0.0588235294117647,0.0
pro7,1,p1,birdstrikes,birdstrikesbde,focused,0.7058823529411765,0.2941176470588235,0.0,0.0
pro7,0,p2,birdstrikes,birdstrikesbde,focused,0.5555555555555556,0.4444444444444444,0.0,0.0
pro7,1,p2,birdstrikes,birdstrikesbde,focused,0.8888888888888888,0.1111111111111111,0.0,0.0
pro7,0,p3,birdstrikes,birdstrikesbde,open,0.8,0.2,0.0,0.0
pro7,1,p3,birdstrikes,birdstrikesbde,open,0.5857142857142857,0.2714285714285714,0.1285714285714285,0.0142857142857142
pro7,0,p4,birdstrikes,birdstrikesbde,open,0.65625,0.34375,0.0,0.0
pro7,1,p4,birdstrikes,birdstrikesbde,open,0.6842105263157895,0.2105263157894736,0.1052631578947368,0.0
pro8,0,p1,movies,moviesacf,focused,0.5185185185185185,0.2222222222222222,0.2592592592592592,0.0
pro8,1,p1,movies,moviesacf,focused,0.5535714285714286,0.1785714285714285,0.25,0.0178571428571428
pro8,0,p2,movies,moviesacf,focused,0.5862068965517241,0.1379310344827586,0.2586206896551724,0.0172413793103448
pro8,1,p2,movies,moviesacf,focused,0.8235294117647058,0.0147058823529411,0.1470588235294117,0.0147058823529411
pro8,0,p3,movies,moviesacf,open,0.4305555555555556,0.1944444444444444,0.3333333333333333,0.0416666666666666
pro8,1,p3,movies,moviesacf,open,0.5227272727272727,0.0,0.4772727272727273,0.0
pro8,0,p4,movies,moviesacf,open,0.5277777777777778,0.0833333333333333,0.3888888888888889,0.0
pro8,1,p4,movies,moviesacf,open,0.5517241379310345,0.1896551724137931,0.2413793103448276,0.0172413793103448
pro9,0,p1,movies,moviesacf,focused,0.5238095238095238,0.3333333333333333,0.1428571428571428,0.0
pro9,1,p1,movies,moviesacf,focused,0.7142857142857143,0.0714285714285714,0.2142857142857142,0.0
pro9,0,p2,movies,moviesacf,focused,0.4761904761904761,0.238095238095238,0.2857142857142857,0.0
pro9,1,p2,movies,moviesacf,focused,1.0,0.0,0.0,0.0
pro9,0,p3,movies,moviesacf,open,0.625,0.1346153846153846,0.173076923076923,0.0673076923076923
pro9,1,p3,movies,moviesacf,open,0.5555555555555556,0.3580246913580246,0.0864197530864197,0.0
pro9,0,p4,movies,moviesacf,open,0.5,0.5,0.0,0.0
pro9,1,p4,movies,moviesacf,open,0.5050505050505051,0.2727272727272727,0.1919191919191919,0.0303030303030303
stu1,0,p1,birdstrikes,birdstrikesbce,focused,0.4354838709677419,0.532258064516129,0.032258064516129,0.0
stu1,1,p1,birdstrikes,birdstrikesbce,focused,0.6181818181818182,0.3090909090909091,0.0727272727272727,0.0
stu1,0,p2,birdstrikes,birdstrikesbce,focused,0.6551724137931034,0.2758620689655172,0.0689655172413793,0.0
stu1,1,p2,birdstrikes,birdstrikesbce,focused,0.7692307692307693,0.2307692307692307,0.0,0.0
stu1,0,p3,birdstrikes,birdstrikesbce,open,0.7468354430379747,0.2531645569620253,0.0,0.0
stu1,1,p3,birdstrikes,birdstrikesbce,open,0.5121951219512195,0.2195121951219512,0.2560975609756097,0.0121951219512195
stu1,0,p4,birdstrikes,birdstrikesbce,open,0.6132075471698113,0.3867924528301887,0.0,0.0
stu1,1,p4,birdstrikes,birdstrikesbce,open,0.4225352112676056,0.5070422535211268,0.0704225352112676,0.0
stu10,0,p1,movies,moviesacf,focused,0.7647058823529411,0.1764705882352941,0.0588235294117647,0.0
stu10,1,p1,movies,moviesacf,focused,0.4166666666666667,0.3333333333333333,0.2083333333333333,0.0416666666666666
stu10,0,p2,movies,moviesacf,focused,0.5555555555555556,0.1666666666666666,0.1666666666666666,0.1111111111111111
stu10,1,p2,movies,moviesacf,focused,0.7368421052631579,0.0,0.2631578947368421,0.0
stu10,0,p3,movies,moviesacf,open,0.5679012345679012,0.0864197530864197,0.345679012345679,0.0
stu10,1,p3,movies,moviesacf,open,0.717391304347826,0.0434782608695652,0.217391304347826,0.0217391304347826
stu10,0,p4,movies,moviesacf,open,0.6774193548387096,0.1290322580645161,0.1935483870967742,0.0
stu10,1,p4,movies,moviesacf,open,0.7051282051282052,0.1923076923076923,0.1025641025641025,0.0
stu11,0,p1,movies,moviesadf,focused,0.4375,0.5625,0.0,0.0
stu11,1,p1,movies,moviesadf,focused,0.75,0.25,0.0,0.0
stu11,0,p2,movies,moviesadf,focused,0.5833333333333334,0.25,0.1666666666666666,0.0
stu11,1,p2,movies,moviesadf,focused,0.6,0.4,0.0,0.0
stu11,0,p3,movies,moviesadf,open,0.803921568627451,0.0784313725490196,0.1176470588235294,0.0
stu11,1,p3,movies,moviesadf,open,0.3333333333333333,0.1720430107526881,0.4193548387096774,0.075268817204301
stu11,0,p4,movies,moviesadf,open,0.4117647058823529,0.2941176470588235,0.2941176470588235,0.0
stu11,1,p4,movies,moviesadf,open,0.6341463414634146,0.1219512195121951,0.2032520325203252,0.040650406504065
stu12,0,p1,birdstrikes,birdstrikesbdf,focused,0.6774193548387096,0.3225806451612903,0.0,0.0
stu12,1,p1,birdstrikes,birdstrikesbdf,focused,0.3666666666666666,0.6,0.0333333333333333,0.0
stu12,0,p2,birdstrikes,birdstrikesbdf,focused,0.7368421052631579,0.2105263157894736,0.0526315789473684,0.0
stu12,1,p2,birdstrikes,birdstrikesbdf,focused,1.0,0.0,0.0,0.0
stu12,0,p3,birdstrikes,birdstrikesbdf,open,0.7792207792207793,0.1948051948051948,0.0259740259740259,0.0
stu12,1,p3,birdstrikes,birdstrikesbdf,open,0.6170212765957447,0.2765957446808511,0.1063829787234042,0.0
stu12,0,p4,birdstrikes,birdstrikesbdf,open,0.5673758865248227,0.3333333333333333,0.0921985815602836,0.0070921985815602
stu12,1,p4,birdstrikes,birdstrikesbdf,open,0.6497175141242938,0.3163841807909605,0.0338983050847457,0.0
stu13,0,p1,movies,moviesacf,focused,0.625,0.375,0.0,0.0
stu13,1,p1,movies,moviesacf,focused,0.7,0.1,0.2,0.0
stu13,0,p2,movies,moviesacf,focused,0.7368421052631579,0.1052631578947368,0.1052631578947368,0.0526315789473684
stu13,1,p2,movies,moviesacf,focused,0.5,0.0,0.5,0.0
stu13,0,p3,movies,moviesacf,open,0.5396825396825397,0.1111111111111111,0.3174603174603174,0.0317460317460317
stu13,1,p3,movies,moviesacf,open,0.4382022471910112,0.0112359550561797,0.449438202247191,0.1011235955056179
stu13,0,p4,movies,moviesacf,open,0.5806451612903226,0.0967741935483871,0.3225806451612903,0.0
stu13,1,p4,movies,moviesacf,open,0.4642857142857143,0.1785714285714285,0.2857142857142857,0.0714285714285714
stu14,0,p1,birdstrikes,birdstrikesbcf,focused,0.625,0.375,0.0,0.0
stu14,1,p1,birdstrikes,birdstrikesbcf,focused,0.7142857142857143,0.238095238095238,0.0476190476190476,0.0
stu14,0,p2,birdstrikes,birdstrikesbcf,focused,0.6666666666666666,0.1666666666666666,0.1666666666666666,0.0
stu14,1,p2,birdstrikes,birdstrikesbcf,focused,0.7,0.0666666666666666,0.2333333333333333,0.0
stu14,0,p3,birdstrikes,birdstrikesbcf,open,0.6164383561643836,0.136986301369863,0.1780821917808219,0.0684931506849315
stu14,1,p3,birdstrikes,birdstrikesbcf,open,0.4368932038834951,0.2718446601941747,0.2718446601941747,0.0194174757281553
stu14,0,p4,birdstrikes,birdstrikesbcf,open,0.5408163265306123,0.2755102040816326,0.173469387755102,0.010204081632653
stu14,1,p4,birdstrikes,birdstrikesbcf,open,0.6170212765957447,0.2978723404255319,0.0638297872340425,0.0212765957446808
stu15,0,p1,movies,moviesade,focused,0.6666666666666666,0.3333333333333333,0.0,0.0
stu15,1,p1,movies,moviesade,focused,1.0,0.0,0.0,0.0
stu15,0,p2,movies,moviesade,focused,0.64,0.28,0.08,0.0
stu15,1,p2,movies,moviesade,focused,0.4776119402985074,0.3283582089552239,0.1940298507462686,0.0
stu15,0,p3,movies,moviesade,open,0.4608695652173913,0.2521739130434782,0.2608695652173913,0.0260869565217391
stu15,1,p3,movies,moviesade,open,0.5238095238095238,0.2476190476190476,0.2285714285714285,0.0
stu15,0,p4,movies,moviesade,open,0.3304347826086956,0.5304347826086957,0.1217391304347826,0.017391304347826
stu15,1,p4,movies,moviesade,open,0.152,0.632,0.2,0.016
stu16,0,p1,birdstrikes,birdstrikesbcf,focused,0.6153846153846154,0.0439560439560439,0.2967032967032967,0.0439560439560439
stu16,1,p1,birdstrikes,birdstrikesbcf,focused,0.55,0.0875,0.275,0.0875
stu16,0,p2,birdstrikes,birdstrikesbcf,focused,0.7407407407407407,0.1851851851851851,0.074074074074074,0.0
stu16,1,p2,birdstrikes,birdstrikesbcf,focused,0.7317073170731707,0.024390243902439,0.2195121951219512,0.024390243902439
stu16,0,p3,birdstrikes,birdstrikesbcf,open,0.6046511627906976,0.1162790697674418,0.2209302325581395,0.0581395348837209
stu16,1,p3,birdstrikes,birdstrikesbcf,open,0.6767676767676768,0.0101010101010101,0.303030303030303,0.0101010101010101
stu16,0,p4,birdstrikes,birdstrikesbcf,open,0.768,0.136,0.08,0.016
stu16,1,p4,birdstrikes,birdstrikesbcf,open,0.75,0.078125,0.1484375,0.0234375
stu17,0,p1,movies,moviesace,focused,0.5,0.5,0.0,0.0
stu17,1,p1,movies,moviesace,focused,0.0,1.0,0.0,0.0
stu17,0,p2,movies,moviesace,focused,0.6,0.2,0.2,0.0
stu17,1,p2,movies,moviesace,focused,0.7142857142857143,0.2857142857142857,0.0,0.0
stu17,0,p3,movies,moviesace,open,0.3333333333333333,0.3333333333333333,0.3,0.0333333333333333
stu17,1,p3,movies,moviesace,open,0.3409090909090909,0.25,0.3636363636363636,0.0454545454545454
stu17,0,p4,movies,moviesace,open,0.7,0.2,0.05,0.05
stu17,1,p4,movies,moviesace,open,0.2156862745098039,0.4313725490196078,0.3137254901960784,0.0392156862745098
stu18,0,p1,birdstrikes,birdstrikesbde,focused,0.6,0.2666666666666666,0.1333333333333333,0.0
stu18,1,p1,birdstrikes,birdstrikesbde,focused,0.6363636363636364,0.3636363636363636,0.0,0.0
stu18,0,p2,birdstrikes,birdstrikesbde,focused,0.7346938775510204,0.0612244897959183,0.2040816326530612,0.0
stu18,1,p2,birdstrikes,birdstrikesbde,focused,0.9111111111111112,0.0888888888888888,0.0,0.0
stu18,0,p3,birdstrikes,birdstrikesbde,open,0.7058823529411765,0.2941176470588235,0.0,0.0
stu18,1,p3,birdstrikes,birdstrikesbde,open,0.6133333333333333,0.2533333333333333,0.1333333333333333,0.0
stu18,0,p4,birdstrikes,birdstrikesbde,open,0.7142857142857143,0.2417582417582417,0.0329670329670329,0.0109890109890109
stu18,1,p4,birdstrikes,birdstrikesbde,open,0.6914893617021277,0.2127659574468085,0.0957446808510638,0.0
stu19,0,p1,birdstrikes,birdstrikesbde,focused,0.3333333333333333,0.6666666666666666,0.0,0.0
stu19,1,p1,birdstrikes,birdstrikesbde,focused,0.7333333333333333,0.2666666666666666,0.0,0.0
stu19,0,p2,birdstrikes,birdstrikesbde,focused,0.6,0.4,0.0,0.0
stu19,1,p2,birdstrikes,birdstrikesbde,focused,1.0,0.0,0.0,0.0
stu19,0,p3,birdstrikes,birdstrikesbde,open,0.4827586206896552,0.3103448275862069,0.1724137931034483,0.0344827586206896
stu19,1,p3,birdstrikes,birdstrikesbde,open,0.7142857142857143,0.0,0.238095238095238,0.0476190476190476
stu19,0,p4,birdstrikes,birdstrikesbde,open,0.580952380952381,0.2,0.2,0.019047619047619
stu19,1,p4,birdstrikes,birdstrikesbde,open,0.3888888888888889,0.3333333333333333,0.2592592592592592,0.0185185185185185
stu2,0,p1,birdstrikes,birdstrikesbce,focused,0.5660377358490566,0.2830188679245283,0.0943396226415094,0.0566037735849056
stu2,1,p1,birdstrikes,birdstrikesbce,focused,0.5,0.1388888888888889,0.25,0.1111111111111111
stu2,0,p2,birdstrikes,birdstrikesbce,focused,0.8148148148148148,0.1111111111111111,0.074074074074074,0.0
stu2,1,p2,birdstrikes,birdstrikesbce,focused,0.7037037037037037,0.1851851851851851,0.1111111111111111,0.0
stu2,0,p3,birdstrikes,birdstrikesbce,open,0.6309523809523809,0.1071428571428571,0.2142857142857142,0.0476190476190476
stu2,1,p3,birdstrikes,birdstrikesbce,open,0.4736842105263157,0.2105263157894736,0.2105263157894736,0.1052631578947368
stu2,0,p4,birdstrikes,birdstrikesbce,open,0.7142857142857143,0.1238095238095238,0.1428571428571428,0.019047619047619
stu2,1,p4,birdstrikes,birdstrikesbce,open,0.6904761904761905,0.1666666666666666,0.1428571428571428,0.0
stu20,0,p1,birdstrikes,birdstrikesbdf,focused,1.0,0.0,0.0,0.0
stu20,1,p1,birdstrikes,birdstrikesbdf,focused,0.3571428571428571,0.5,0.1428571428571428,0.0
stu20,0,p2,birdstrikes,birdstrikesbdf,focused,0.6666666666666666,0.3333333333333333,0.0,0.0
stu20,1,p2,birdstrikes,birdstrikesbdf,focused,1.0,0.0,0.0,0.0
stu20,0,p3,birdstrikes,birdstrikesbdf,open,0.6842105263157895,0.3157894736842105,0.0,0.0
stu20,1,p3,birdstrikes,birdstrikesbdf,open,0.6470588235294118,0.3529411764705882,0.0,0.0
stu20,0,p4,birdstrikes,birdstrikesbdf,open,0.4782608695652174,0.5217391304347826,0.0,0.0
stu20,1,p4,birdstrikes,birdstrikesbdf,open,0.0,0.0,0.0,0.0
stu21,0,p1,movies,moviesace,focused,0.3846153846153846,0.6153846153846154,0.0,0.0
stu21,1,p1,movies,moviesace,focused,0.5714285714285714,0.4285714285714285,0.0,0.0
stu21,0,p2,movies,moviesace,focused,0.5148514851485149,0.4752475247524752,0.0099009900990099,0.0
stu21,1,p2,movies,moviesace,focused,0.4324324324324324,0.5135135135135135,0.054054054054054,0.0
stu21,0,p3,movies,moviesace,open,0.5689655172413793,0.2241379310344827,0.1724137931034483,0.0344827586206896
stu21,1,p3,movies,moviesace,open,0.4166666666666667,0.2777777777777778,0.3055555555555556,0.0
stu21,0,p4,movies,moviesace,open,0.7457627118644068,0.2542372881355932,0.0,0.0
stu21,1,p4,movies,moviesace,open,0.6956521739130435,0.3043478260869565,0.0,0.0
stu22,0,p1,birdstrikes,birdstrikesbde,focused,0.4054054054054054,0.5135135135135135,0.081081081081081,0.0
stu22,1,p1,birdstrikes,birdstrikesbde,focused,0.64,0.32,0.04,0.0
stu22,0,p2,birdstrikes,birdstrikesbde,focused,0.5555555555555556,0.3333333333333333,0.0833333333333333,0.0277777777777777
stu22,1,p2,birdstrikes,birdstrikesbde,focused,0.527027027027027,0.3648648648648648,0.1081081081081081,0.0
stu22,0,p3,birdstrikes,birdstrikesbde,open,0.6147540983606558,0.3360655737704918,0.0491803278688524,0.0
stu22,1,p3,birdstrikes,birdstrikesbde,open,0.4065934065934066,0.4725274725274725,0.1208791208791208,0.0
stu22,0,p4,birdstrikes,birdstrikesbde,open,0.6588235294117647,0.2705882352941176,0.0705882352941176,0.0
stu22,1,p4,birdstrikes,birdstrikesbde,open,0.6923076923076923,0.3076923076923077,0.0,0.0
stu23,0,p1,birdstrikes,birdstrikesbdf,focused,0.4722222222222222,0.2777777777777778,0.25,0.0
stu23,1,p1,birdstrikes,birdstrikesbdf,focused,0.5454545454545454,0.2272727272727272,0.2272727272727272,0.0
stu23,0,p2,birdstrikes,birdstrikesbdf,focused,0.5128205128205128,0.4102564102564102,0.0512820512820512,0.0256410256410256
stu23,1,p2,birdstrikes,birdstrikesbdf,focused,0.64,0.2,0.12,0.04
stu23,0,p3,birdstrikes,birdstrikesbdf,open,0.5777777777777777,0.3777777777777777,0.0222222222222222,0.0222222222222222
stu23,1,p3,birdstrikes,birdstrikesbdf,open,0.5319148936170213,0.3617021276595745,0.0851063829787234,0.0212765957446808
stu23,0,p4,birdstrikes,birdstrikesbdf,open,0.5434782608695652,0.4565217391304347,0.0,0.0
stu23,1,p4,birdstrikes,birdstrikesbdf,open,0.75,0.2333333333333333,0.0166666666666666,0.0
stu24,0,p1,movies,moviesace,focused,0.4545454545454545,0.5454545454545454,0.0,0.0
stu24,1,p1,movies,moviesace,focused,0.8,0.2,0.0,0.0
stu24,0,p2,movies,moviesace,focused,0.7777777777777778,0.1111111111111111,0.1111111111111111,0.0
stu24,1,p2,movies,moviesace,focused,0.75,0.25,0.0,0.0
stu24,0,p3,movies,moviesace,open,0.3402061855670103,0.6082474226804123,0.0515463917525773,0.0
stu24,1,p3,movies,moviesace,open,0.4810126582278481,0.4430379746835443,0.0759493670886076,0.0
stu24,0,p4,movies,moviesace,open,0.5,0.484375,0.015625,0.0
stu24,1,p4,movies,moviesace,open,0.4361702127659574,0.425531914893617,0.1382978723404255,0.0
stu25,0,p1,movies,moviesace,focused,0.8,0.2,0.0,0.0
stu25,1,p1,movies,moviesace,focused,0.8695652173913043,0.0434782608695652,0.0869565217391304,0.0
stu25,0,p2,movies,moviesace,focused,0.6190476190476191,0.0952380952380952,0.2857142857142857,0.0
stu25,1,p2,movies,moviesace,focused,0.9285714285714286,0.0714285714285714,0.0,0.0
stu25,0,p3,movies,moviesace,open,0.6785714285714286,0.1785714285714285,0.1428571428571428,0.0
stu25,1,p3,movies,moviesace,open,0.5833333333333334,0.35,0.0666666666666666,0.0
stu25,0,p4,movies,moviesace,open,0.411214953271028,0.2897196261682243,0.2803738317757009,0.0186915887850467
stu25,1,p4,movies,moviesace,open,0.0,1.0,0.0,0.0
stu26,0,p1,movies,moviesace,focused,0.8709677419354839,0.1290322580645161,0.0,0.0
stu26,1,p1,movies,moviesace,focused,0.7777777777777778,0.2222222222222222,0.0,0.0
stu26,0,p2,movies,moviesace,focused,0.5,0.375,0.125,0.0
stu26,1,p2,movies,moviesace,focused,0.9,0.0,0.1,0.0
stu26,0,p3,movies,moviesace,open,0.671875,0.3203125,0.0078125,0.0
stu26,1,p3,movies,moviesace,open,0.6170212765957447,0.3829787234042553,0.0,0.0
stu26,0,p4,movies,moviesace,open,0.5515151515151515,0.4181818181818181,0.0303030303030303,0.0
stu26,1,p4,movies,moviesace,open,0.6787564766839378,0.2953367875647668,0.0259067357512953,0.0
stu27,0,p1,birdstrikes,birdstrikesbdf,focused,0.4166666666666667,0.5,0.0833333333333333,0.0
stu27,1,p1,birdstrikes,birdstrikesbdf,focused,0.7777777777777778,0.0,0.2222222222222222,0.0
stu27,0,p2,birdstrikes,birdstrikesbdf,focused,0.5769230769230769,0.1153846153846153,0.2692307692307692,0.0384615384615384
stu27,1,p2,birdstrikes,birdstrikesbdf,focused,0.68,0.16,0.08,0.08
stu27,0,p3,birdstrikes,birdstrikesbdf,open,0.497737556561086,0.1945701357466063,0.2760180995475113,0.0316742081447963
stu27,1,p3,birdstrikes,birdstrikesbdf,open,0.631578947368421,0.1821862348178137,0.1538461538461538,0.0323886639676113
stu27,0,p4,birdstrikes,birdstrikesbdf,open,0.5268817204301075,0.3118279569892473,0.1397849462365591,0.021505376344086
stu27,1,p4,birdstrikes,birdstrikesbdf,open,0.5448275862068965,0.1172413793103448,0.296551724137931,0.0413793103448275
stu28,0,p1,birdstrikes,birdstrikesbde,focused,0.5625,0.4375,0.0,0.0
stu28,1,p1,birdstrikes,birdstrikesbde,focused,0.3333333333333333,0.6666666666666666,0.0,0.0
stu28,0,p2,birdstrikes,birdstrikesbde,focused,0.6086956521739131,0.3478260869565217,0.0434782608695652,0.0
stu28,1,p2,birdstrikes,birdstrikesbde,focused,0.75,0.125,0.125,0.0
stu28,0,p3,birdstrikes,birdstrikesbde,open,0.6233766233766234,0.3116883116883117,0.0649350649350649,0.0
stu28,1,p3,birdstrikes,birdstrikesbde,open,0.4320987654320987,0.4938271604938271,0.074074074074074,0.0
stu28,0,p4,birdstrikes,birdstrikesbde,open,0.6742424242424242,0.2803030303030303,0.0454545454545454,0.0
stu28,1,p4,birdstrikes,birdstrikesbde,open,0.62,0.38,0.0,0.0
stu29,0,p1,movies,moviesade,focused,0.8181818181818182,0.1818181818181818,0.0,0.0
stu29,1,p1,movies,moviesade,focused,1.0,0.0,0.0,0.0
stu29,0,p2,movies,moviesade,focused,0.6363636363636364,0.1818181818181818,0.1818181818181818,0.0
stu29,1,p2,movies,moviesade,focused,0.625,0.375,0.0,0.0
