u,Trial,Task,Dataset,Experiment,Openendedness,probabsame,probabmodify1,probabmodify2,probabmodify3
pro13,0,p3,movies,moviesace,open,0.7678571428571429,0.23214285714285715,0.0,0.0
pro13,1,p3,movies,moviesace,open,0.6792452830188679,0.3018867924528302,0.018867924528301886,0.0
pro15,0,p3,movies,moviesade,open,0.48484848484848486,0.5151515151515151,0.0,0.0
pro15,1,p3,movies,moviesade,open,0.34782608695652173,0.6521739130434783,0.0,0.0
pro17,0,p3,movies,moviesace,open,0.49206349206349204,0.5079365079365079,0.0,0.0
pro17,1,p3,movies,moviesace,open,0.7878787878787878,0.21212121212121213,0.0,0.0
pro18,0,p3,movies,moviesadf,open,0.42857142857142855,0.5,0.07142857142857142,0.0
pro18,1,p3,movies,moviesadf,open,0.48936170212765956,0.44680851063829785,0.06382978723404255,0.0
pro20,0,p3,movies,moviesade,open,0.5811965811965812,0.38461538461538464,0.03418803418803419,0.0
pro20,1,p3,movies,moviesade,open,0.6062992125984252,0.3700787401574803,0.023622047244094488,0.0
pro21,0,p3,movies,moviesade,open,0.45614035087719296,0.52046783625731,0.023391812865497075,0.0
pro21,1,p3,movies,moviesade,open,0.6037735849056604,0.37735849056603776,0.018867924528301886,0.0
pro22,0,p3,movies,moviesade,open,0.6538461538461539,0.34615384615384615,0.0,0.0
pro22,1,p3,movies,moviesade,open,0.8387096774193549,0.16129032258064516,0.0,0.0
pro23,0,p3,movies,moviesacf,open,0.5737704918032787,0.19672131147540983,0.22950819672131148,0.0
pro23,1,p3,movies,moviesacf,open,0.7,0.15,0.13,0.02
pro24,0,p3,movies,moviesadf,open,0.37142857142857144,0.2571428571428571,0.37142857142857144,0.0
pro24,1,p3,movies,moviesadf,open,0.575,0.15,0.275,0.0
pro25,0,p3,movies,moviesacf,open,0.5961538461538461,0.36538461538461536,0.038461538461538464,0.0
pro25,1,p3,movies,moviesacf,open,0.6923076923076923,0.3076923076923077,0.0,0.0
pro29,0,p3,movies,moviesace,open,0.782608695652174,0.21739130434782608,0.0,0.0
pro29,1,p3,movies,moviesace,open,0.73,0.26,0.01,0.0
pro31,0,p3,movies,moviesadf,open,0.7777777777777778,0.2222222222222222,0.0,0.0
pro31,1,p3,movies,moviesadf,open,0.7719298245614035,0.10526315789473684,0.12280701754385964,0.0
pro3,0,p3,movies,moviesace,open,0.4722222222222222,0.5,0.027777777777777776,0.0
pro3,1,p3,movies,moviesace,open,0.6111111111111112,0.3333333333333333,0.05555555555555555,0.0
pro5,0,p3,movies,moviesadf,open,0.5,0.5,0.0,0.0
pro5,1,p3,movies,moviesadf,open,0.53125,0.46875,0.0,0.0
pro8,0,p3,movies,moviesacf,open,0.5454545454545454,0.3090909090909091,0.14545454545454545,0.0
pro8,1,p3,movies,moviesacf,open,0.6764705882352942,0.2647058823529412,0.058823529411764705,0.0
pro9,0,p3,movies,moviesacf,open,0.6956521739130435,0.16304347826086957,0.06521739130434782,0.07608695652173914
pro9,1,p3,movies,moviesacf,open,0.6825396825396826,0.2698412698412698,0.047619047619047616,0.0
stu10,0,p3,movies,moviesacf,open,0.703125,0.265625,0.03125,0.0
stu10,1,p3,movies,moviesacf,open,0.8481012658227848,0.1518987341772152,0.0,0.0
stu11,0,p3,movies,moviesadf,open,0.8695652173913043,0.13043478260869565,0.0,0.0
stu11,1,p3,movies,moviesadf,open,0.5396825396825397,0.4603174603174603,0.0,0.0
stu13,0,p3,movies,moviesacf,open,0.7,0.24,0.06,0.0
stu13,1,p3,movies,moviesacf,open,0.6825396825396826,0.31746031746031744,0.0,0.0
stu15,0,p3,movies,moviesade,open,0.5760869565217391,0.41304347826086957,0.010869565217391304,0.0
stu15,1,p3,movies,moviesade,open,0.6043956043956044,0.3956043956043956,0.0,0.0
stu17,0,p3,movies,moviesace,open,0.3888888888888889,0.6111111111111112,0.0,0.0
stu17,1,p3,movies,moviesace,open,0.5,0.5,0.0,0.0
stu21,0,p3,movies,moviesace,open,0.66,0.34,0.0,0.0
stu21,1,p3,movies,moviesace,open,0.5333333333333333,0.4666666666666667,0.0,0.0
stu24,0,p3,movies,moviesace,open,0.4342105263157895,0.5,0.06578947368421052,0.0
stu24,1,p3,movies,moviesace,open,0.5671641791044776,0.3582089552238806,0.07462686567164178,0.0
stu25,0,p3,movies,moviesace,open,0.75,0.25,0.0,0.0
stu25,1,p3,movies,moviesace,open,0.625,0.35714285714285715,0.017857142857142856,0.0
stu26,0,p3,movies,moviesace,open,0.6829268292682927,0.3089430894308943,0.008130081300813009,0.0
stu26,1,p3,movies,moviesace,open,0.6170212765957447,0.3829787234042553,0.0,0.0
stu29,0,p3,movies,moviesade,open,0.7142857142857143,0.2857142857142857,0.0,0.0
stu29,1,p3,movies,moviesade,open,0.639344262295082,0.36065573770491804,0.0,0.0
stu30,0,p3,movies,moviesadf,open,0.6666666666666666,0.2916666666666667,0.041666666666666664,0.0
stu30,1,p3,movies,moviesadf,open,0.6271186440677966,0.288135593220339,0.0847457627118644,0.0
stu31,0,p3,movies,moviesade,open,0.5609756097560976,0.43902439024390244,0.0,0.0
stu31,1,p3,movies,moviesade,open,0.4375,0.5625,0.0,0.0
stu36,0,p3,movies,moviesadf,open,0.42528735632183906,0.5517241379310345,0.022988505747126436,0.0
stu36,1,p3,movies,moviesadf,open,0.9047619047619048,0.09523809523809523,0.0,0.0
stu37,0,p3,movies,moviesadf,open,0.5362318840579711,0.38405797101449274,0.07971014492753623,0.0
stu37,1,p3,movies,moviesadf,open,0.5833333333333334,0.4166666666666667,0.0,0.0
stu38,0,p3,movies,moviesacf,open,0.4842105263157895,0.24210526315789474,0.23157894736842105,0.042105263157894736
stu38,1,p3,movies,moviesacf,open,0.7211538461538461,0.09615384615384616,0.18269230769230768,0.0
stu39,0,p3,movies,moviesadf,open,0.5934065934065934,0.3626373626373626,0.04395604395604396,0.0
stu39,1,p3,movies,moviesadf,open,0.5769230769230769,0.3717948717948718,0.05128205128205128,0.0
stu3,0,p3,movies,moviesacf,open,0.686046511627907,0.09302325581395349,0.1686046511627907,0.05232558139534884
stu3,1,p3,movies,moviesacf,open,0.8240740740740741,0.037037037037037035,0.12037037037037036,0.018518518518518517
stu4,0,p3,movies,moviesade,open,0.7564102564102564,0.24358974358974358,0.0,0.0
stu4,1,p3,movies,moviesade,open,0.6545454545454545,0.34545454545454546,0.0,0.0
stu6,0,p3,movies,moviesacf,open,0.6396396396396397,0.06306306306306306,0.26126126126126126,0.036036036036036036
stu6,1,p3,movies,moviesacf,open,0.6823529411764706,0.09411764705882353,0.21176470588235294,0.011764705882352941
stu7,0,p3,movies,moviesade,open,0.5897435897435898,0.41025641025641024,0.0,0.0
stu7,1,p3,movies,moviesade,open,0.55,0.44,0.01,0.0
