u,Trial,Task,Dataset,Experiment,Openendedness,probabsame,probabmodify1,probabmodify2,probabmodify3
pro1,0,p1,birdstrikes,birdstrikesbcf,focused,0.3,0.4,0.3,0.0
pro1,1,p1,birdstrikes,birdstrikesbcf,focused,0.5,0.25,0.25,0.0
pro1,0,p2,birdstrikes,birdstrikesbcf,focused,0.5,0.5,0.0,0.0
pro1,1,p2,birdstrikes,birdstrikesbcf,focused,0.6470588235294118,0.2352941176470588,0.1176470588235294,0.0
pro1,0,p3,birdstrikes,birdstrikesbcf,open,0.6025641025641025,0.1923076923076923,0.1794871794871795,0.0256410256410256
pro1,1,p3,birdstrikes,birdstrikesbcf,open,0.6363636363636364,0.1515151515151515,0.2121212121212121,0.0
pro1,0,p4,birdstrikes,birdstrikesbcf,open,0.625,0.325,0.05,0.0
pro1,1,p4,birdstrikes,birdstrikesbcf,open,0.8409090909090909,0.1590909090909091,0.0,0.0
pro10,0,p1,birdstrikes,birdstrikesbdf,focused,0.5,0.5,0.0,0.0
pro10,1,p1,birdstrikes,birdstrikesbdf,focused,1.0,0.0,0.0,0.0
pro10,0,p2,birdstrikes,birdstrikesbdf,focused,0.7727272727272727,0.2272727272727272,0.0,0.0
pro10,1,p2,birdstrikes,birdstrikesbdf,focused,0.8461538461538461,0.0769230769230769,0.0769230769230769,0.0
pro10,0,p3,birdstrikes,birdstrikesbdf,open,0.7352941176470589,0.2450980392156862,0.0196078431372549,0.0
pro10,1,p3,birdstrikes,birdstrikesbdf,open,0.6746031746031746,0.2142857142857142,0.1031746031746031,0.0079365079365079
pro10,0,p4,birdstrikes,birdstrikesbdf,open,0.5514018691588785,0.3457943925233644,0.0747663551401869,0.02803738317757
pro10,1,p4,birdstrikes,birdstrikesbdf,open,0.5,0.3953488372093023,0.1046511627906976,0.0
pro11,0,p1,birdstrikes,birdstrikesbcf,focused,0.625,0.1458333333333333,0.2291666666666666,0.0
pro11,1,p1,birdstrikes,birdstrikesbcf,focused,0.53125,0.15625,0.3125,0.0
pro11,0,p2,birdstrikes,birdstrikesbcf,focused,0.6666666666666666,0.1904761904761904,0.1428571428571428,0.0
pro11,1,p2,birdstrikes,birdstrikesbcf,focused,0.6190476190476191,0.1428571428571428,0.238095238095238,0.0
pro11,0,p3,birdstrikes,birdstrikesbcf,open,0.7959183673469388,0.0816326530612244,0.1020408163265306,0.0204081632653061
pro11,1,p3,birdstrikes,birdstrikesbcf,open,0.6779661016949152,0.0677966101694915,0.2542372881355932,0.0
pro11,0,p4,birdstrikes,birdstrikesbcf,open,0.6724137931034483,0.1724137931034483,0.1551724137931034,0.0
pro11,1,p4,birdstrikes,birdstrikesbcf,open,0.6697247706422018,0.2385321100917431,0.091743119266055,0.0
pro12,0,p1,birdstrikes,birdstrikesbdf,focused,0.5,0.4333333333333333,0.0666666666666666,0.0
pro12,1,p1,birdstrikes,birdstrikesbdf,focused,0.5277777777777778,0.3611111111111111,0.1111111111111111,0.0
pro12,0,p2,birdstrikes,birdstrikesbdf,focused,0.5576923076923077,0.3653846153846153,0.0576923076923076,0.0192307692307692
pro12,1,p2,birdstrikes,birdstrikesbdf,focused,0.7,0.225,0.075,0.0
pro12,0,p3,birdstrikes,birdstrikesbdf,open,0.5,0.5,0.0,0.0
pro12,1,p3,birdstrikes,birdstrikesbdf,open,0.6,0.4,0.0,0.0
pro12,0,p4,birdstrikes,birdstrikesbdf,open,0.8524590163934426,0.1393442622950819,0.0081967213114754,0.0
pro12,1,p4,birdstrikes,birdstrikesbdf,open,0.4090909090909091,0.5227272727272727,0.0681818181818181,0.0
pro13,0,p1,movies,moviesace,focused,0.5555555555555556,0.4444444444444444,0.0,0.0
pro13,1,p1,movies,moviesace,focused,1.0,0.0,0.0,0.0
pro13,0,p2,movies,moviesace,focused,0.3333333333333333,0.6666666666666666,0.0,0.0
pro13,1,p2,movies,moviesace,focused,1.0,0.0,0.0,0.0
pro13,0,p3,movies,moviesace,open,0.7678571428571429,0.2321428571428571,0.0,0.0
pro13,1,p3,movies,moviesace,open,0.6792452830188679,0.3018867924528302,0.0188679245283018,0.0
pro13,0,p4,movies,moviesace,open,0.5384615384615384,0.4615384615384615,0.0,0.0
pro13,1,p4,movies,moviesace,open,0.7419354838709677,0.2580645161290322,0.0,0.0
pro14,0,p1,birdstrikes,birdstrikesbdf,focused,0.4285714285714285,0.5714285714285714,0.0,0.0
pro14,1,p1,birdstrikes,birdstrikesbdf,focused,0.5833333333333334,0.4166666666666667,0.0,0.0
pro14,0,p2,birdstrikes,birdstrikesbdf,focused,0.4375,0.4375,0.125,0.0
pro14,1,p2,birdstrikes,birdstrikesbdf,focused,0.3181818181818182,0.5909090909090909,0.0909090909090909,0.0
pro14,0,p3,birdstrikes,birdstrikesbdf,open,0.4358974358974359,0.4102564102564102,0.1538461538461538,0.0
pro14,1,p3,birdstrikes,birdstrikesbdf,open,0.6875,0.25,0.0625,0.0
pro14,0,p4,birdstrikes,birdstrikesbdf,open,0.6764705882352942,0.2647058823529412,0.0588235294117647,0.0
pro14,1,p4,birdstrikes,birdstrikesbdf,open,0.6333333333333333,0.25,0.1166666666666666,0.0
pro15,0,p1,movies,moviesade,focused,0.8666666666666667,0.1333333333333333,0.0,0.0
pro15,1,p1,movies,moviesade,focused,0.4285714285714285,0.2857142857142857,0.2857142857142857,0.0
pro15,0,p2,movies,moviesade,focused,0.7307692307692307,0.2692307692307692,0.0,0.0
pro15,1,p2,movies,moviesade,focused,0.7058823529411765,0.2941176470588235,0.0,0.0
pro15,0,p3,movies,moviesade,open,0.4848484848484848,0.5151515151515151,0.0,0.0
pro15,1,p3,movies,moviesade,open,0.3478260869565217,0.6521739130434783,0.0,0.0
pro15,0,p4,movies,moviesade,open,0.4117647058823529,0.5294117647058824,0.0588235294117647,0.0
pro15,1,p4,movies,moviesade,open,0.4418604651162791,0.5581395348837209,0.0,0.0
pro16,0,p1,birdstrikes,birdstrikesbce,focused,0.8461538461538461,0.1538461538461538,0.0,0.0
pro16,1,p1,birdstrikes,birdstrikesbce,focused,1.0,0.0,0.0,0.0
pro16,0,p2,birdstrikes,birdstrikesbce,focused,0.625,0.375,0.0,0.0
pro16,1,p2,birdstrikes,birdstrikesbce,focused,0.8333333333333334,0.1666666666666666,0.0,0.0
pro16,0,p3,birdstrikes,birdstrikesbce,open,0.6666666666666666,0.3333333333333333,0.0,0.0
pro16,1,p3,birdstrikes,birdstrikesbce,open,0.6323529411764706,0.3676470588235294,0.0,0.0
pro16,0,p4,birdstrikes,birdstrikesbce,open,0.7818181818181819,0.2181818181818181,0.0,0.0
pro16,1,p4,birdstrikes,birdstrikesbce,open,0.6666666666666666,0.3333333333333333,0.0,0.0
pro17,0,p1,movies,moviesace,focused,0.72,0.28,0.0,0.0
pro17,1,p1,movies,moviesace,focused,0.7083333333333334,0.2916666666666667,0.0,0.0
pro17,0,p2,movies,moviesace,focused,0.6904761904761905,0.3095238095238095,0.0,0.0
pro17,1,p2,movies,moviesace,focused,0.6976744186046512,0.3023255813953488,0.0,0.0
pro17,0,p3,movies,moviesace,open,0.492063492063492,0.5079365079365079,0.0,0.0
pro17,1,p3,movies,moviesace,open,0.7878787878787878,0.2121212121212121,0.0,0.0
pro17,0,p4,movies,moviesace,open,0.6111111111111112,0.3888888888888889,0.0,0.0
pro17,1,p4,movies,moviesace,open,0.6589147286821705,0.3410852713178294,0.0,0.0
pro18,0,p1,movies,moviesadf,focused,0.7037037037037037,0.2962962962962963,0.0,0.0
pro18,1,p1,movies,moviesadf,focused,0.4,0.4666666666666667,0.1333333333333333,0.0
pro18,0,p2,movies,moviesadf,focused,0.8888888888888888,0.1111111111111111,0.0,0.0
pro18,1,p2,movies,moviesadf,focused,1.0,0.0,0.0,0.0
pro18,0,p3,movies,moviesadf,open,0.4285714285714285,0.5,0.0714285714285714,0.0
pro18,1,p3,movies,moviesadf,open,0.4893617021276595,0.4468085106382978,0.0638297872340425,0.0
pro18,0,p4,movies,moviesadf,open,0.4468085106382978,0.5531914893617021,0.0,0.0
pro18,1,p4,movies,moviesadf,open,0.25,0.75,0.0,0.0
pro19,0,p1,birdstrikes,birdstrikesbcf,focused,0.7083333333333334,0.125,0.1666666666666666,0.0
pro19,1,p1,birdstrikes,birdstrikesbcf,focused,0.5625,0.15625,0.21875,0.0625
pro19,0,p2,birdstrikes,birdstrikesbcf,focused,0.6129032258064516,0.0967741935483871,0.2903225806451613,0.0
pro19,1,p2,birdstrikes,birdstrikesbcf,focused,0.6428571428571429,0.1785714285714285,0.1785714285714285,0.0
pro19,0,p3,birdstrikes,birdstrikesbcf,open,0.6926406926406926,0.1168831168831168,0.1818181818181818,0.0086580086580086
pro19,1,p3,birdstrikes,birdstrikesbcf,open,0.5911949685534591,0.0817610062893081,0.2767295597484276,0.050314465408805
pro19,0,p4,birdstrikes,birdstrikesbcf,open,0.627906976744186,0.2015503875968992,0.1395348837209302,0.0310077519379844
pro19,1,p4,birdstrikes,birdstrikesbcf,open,0.5102040816326531,0.173469387755102,0.2959183673469387,0.0204081632653061
pro2,0,p1,birdstrikes,birdstrikesbce,focused,0.5294117647058824,0.4705882352941176,0.0,0.0
pro2,1,p1,birdstrikes,birdstrikesbce,focused,0.7254901960784313,0.2745098039215686,0.0,0.0
pro2,0,p2,birdstrikes,birdstrikesbce,focused,0.5,0.5,0.0,0.0
pro2,1,p2,birdstrikes,birdstrikesbce,focused,0.8095238095238095,0.1904761904761904,0.0,0.0
pro2,0,p3,birdstrikes,birdstrikesbce,open,0.6,0.4,0.0,0.0
pro2,1,p3,birdstrikes,birdstrikesbce,open,0.4677419354838709,0.532258064516129,0.0,0.0
pro2,0,p4,birdstrikes,birdstrikesbce,open,0.6377952755905512,0.3228346456692913,0.0393700787401574,0.0
pro2,1,p4,birdstrikes,birdstrikesbce,open,0.631578947368421,0.3508771929824561,0.0175438596491228,0.0
pro20,0,p1,movies,moviesade,focused,0.6296296296296297,0.3703703703703703,0.0,0.0
pro20,1,p1,movies,moviesade,focused,0.6666666666666666,0.3333333333333333,0.0,0.0
pro20,0,p2,movies,moviesade,focused,0.6129032258064516,0.3870967741935484,0.0,0.0
pro20,1,p2,movies,moviesade,focused,0.7333333333333333,0.2666666666666666,0.0,0.0
pro20,0,p3,movies,moviesade,open,0.5811965811965812,0.3846153846153846,0.0341880341880341,0.0
pro20,1,p3,movies,moviesade,open,0.6062992125984252,0.3700787401574803,0.0236220472440944,0.0
pro20,0,p4,movies,moviesade,open,0.6097560975609756,0.3658536585365853,0.024390243902439,0.0
pro20,1,p4,movies,moviesade,open,0.6931818181818182,0.25,0.0568181818181818,0.0
pro21,0,p1,movies,moviesade,focused,0.8333333333333334,0.1666666666666666,0.0,0.0
pro21,1,p1,movies,moviesade,focused,0.9117647058823528,0.088235294117647,0.0,0.0
pro21,0,p2,movies,moviesade,focused,0.6666666666666666,0.3333333333333333,0.0,0.0
pro21,1,p2,movies,moviesade,focused,0.696969696969697,0.303030303030303,0.0,0.0
pro21,0,p3,movies,moviesade,open,0.4561403508771929,0.52046783625731,0.023391812865497,0.0
pro21,1,p3,movies,moviesade,open,0.6037735849056604,0.3773584905660377,0.0188679245283018,0.0
pro21,0,p4,movies,moviesade,open,0.5714285714285714,0.4285714285714285,0.0,0.0
pro21,1,p4,movies,moviesade,open,0.7246376811594203,0.2753623188405797,0.0,0.0
pro22,0,p1,movies,moviesade,focused,0.5957446808510638,0.4042553191489361,0.0,0.0
pro22,1,p1,movies,moviesade,focused,0.9333333333333332,0.0666666666666666,0.0,0.0
pro22,0,p2,movies,moviesade,focused,0.5208333333333334,0.4583333333333333,0.0208333333333333,0.0
pro22,1,p2,movies,moviesade,focused,0.5862068965517241,0.4137931034482758,0.0,0.0
pro22,0,p3,movies,moviesade,open,0.6538461538461539,0.3461538461538461,0.0,0.0
pro22,1,p3,movies,moviesade,open,0.8387096774193549,0.1612903225806451,0.0,0.0
pro22,0,p4,movies,moviesade,open,0.7014925373134329,0.2985074626865671,0.0,0.0
pro22,1,p4,movies,moviesade,open,0.8035714285714286,0.1964285714285714,0.0,0.0
pro23,0,p1,movies,moviesacf,focused,0.7096774193548387,0.0967741935483871,0.1935483870967742,0.0
pro23,1,p1,movies,moviesacf,focused,0.7368421052631579,0.0526315789473684,0.2105263157894736,0.0
pro23,0,p2,movies,moviesacf,focused,0.6935483870967742,0.1290322580645161,0.1774193548387097,0.0
pro23,1,p2,movies,moviesacf,focused,0.5925925925925926,0.1851851851851851,0.2222222222222222,0.0
pro23,0,p3,movies,moviesacf,open,0.5737704918032787,0.1967213114754098,0.2295081967213114,0.0
pro23,1,p3,movies,moviesacf,open,0.7,0.15,0.13,0.02
pro23,0,p4,movies,moviesacf,open,0.5,0.3478260869565217,0.1304347826086956,0.0217391304347826
pro23,1,p4,movies,moviesacf,open,0.8431372549019608,0.0980392156862745,0.0588235294117647,0.0
pro24,0,p1,movies,moviesadf,focused,0.5,0.4166666666666667,0.0833333333333333,0.0
pro24,1,p1,movies,moviesadf,focused,0.6,0.3333333333333333,0.0666666666666666,0.0
pro24,0,p2,movies,moviesadf,focused,0.6666666666666666,0.2666666666666666,0.0666666666666666,0.0
pro24,1,p2,movies,moviesadf,focused,0.8,0.2,0.0,0.0
pro24,0,p3,movies,moviesadf,open,0.3714285714285714,0.2571428571428571,0.3714285714285714,0.0
pro24,1,p3,movies,moviesadf,open,0.575,0.15,0.275,0.0
pro24,0,p4,movies,moviesadf,open,0.7551020408163265,0.1836734693877551,0.0612244897959183,0.0
pro24,1,p4,movies,moviesadf,open,0.5510204081632653,0.3265306122448979,0.1020408163265306,0.0204081632653061
pro25,0,p1,movies,moviesacf,focused,0.4,0.6,0.0,0.0
pro25,1,p1,movies,moviesacf,focused,1.0,0.0,0.0,0.0
pro25,0,p2,movies,moviesacf,focused,0.5,0.5,0.0,0.0
pro25,1,p2,movies,moviesacf,focused,1.0,0.0,0.0,0.0
pro25,0,p3,movies,moviesacf,open,0.5961538461538461,0.3653846153846153,0.0384615384615384,0.0
pro25,1,p3,movies,moviesacf,open,0.6923076923076923,0.3076923076923077,0.0,0.0
pro25,0,p4,movies,moviesacf,open,0.65,0.3166666666666666,0.0333333333333333,0.0
pro25,1,p4,movies,moviesacf,open,0.7592592592592593,0.2407407407407407,0.0,0.0
pro26,0,p1,birdstrikes,birdstrikesbde,focused,0.52,0.48,0.0,0.0
pro26,1,p1,birdstrikes,birdstrikesbde,focused,0.7368421052631579,0.2631578947368421,0.0,0.0
pro26,0,p2,birdstrikes,birdstrikesbde,focused,0.7142857142857143,0.2857142857142857,0.0,0.0
pro26,1,p2,birdstrikes,birdstrikesbde,focused,0.6363636363636364,0.3636363636363636,0.0,0.0
pro26,0,p3,birdstrikes,birdstrikesbde,open,0.55,0.4333333333333333,0.0166666666666666,0.0
pro26,1,p3,birdstrikes,birdstrikesbde,open,0.5416666666666666,0.4583333333333333,0.0,0.0
pro26,0,p4,birdstrikes,birdstrikesbde,open,0.5370370370370371,0.4629629629629629,0.0,0.0
pro26,1,p4,birdstrikes,birdstrikesbde,open,0.7397260273972602,0.2602739726027397,0.0,0.0
pro27,0,p1,birdstrikes,birdstrikesbcf,focused,0.7358490566037735,0.1132075471698113,0.1320754716981132,0.0188679245283018
pro27,1,p1,birdstrikes,birdstrikesbcf,focused,0.7547169811320755,0.1509433962264151,0.0943396226415094,0.0
pro27,0,p2,birdstrikes,birdstrikesbcf,focused,0.5652173913043478,0.217391304347826,0.217391304347826,0.0
pro27,1,p2,birdstrikes,birdstrikesbcf,focused,0.65,0.25,0.1,0.0
pro27,0,p3,birdstrikes,birdstrikesbcf,open,0.6379310344827587,0.1810344827586207,0.1551724137931034,0.0258620689655172
pro27,1,p3,birdstrikes,birdstrikesbcf,open,0.5769230769230769,0.173076923076923,0.25,0.0
pro27,0,p4,birdstrikes,birdstrikesbcf,open,0.5670103092783505,0.268041237113402,0.1649484536082474,0.0
pro27,1,p4,birdstrikes,birdstrikesbcf,open,0.4166666666666667,0.4166666666666667,0.1666666666666666,0.0
pro28,0,p1,birdstrikes,birdstrikesbce,focused,0.45,0.55,0.0,0.0
pro28,1,p1,birdstrikes,birdstrikesbce,focused,0.5,0.5,0.0,0.0
pro28,0,p2,birdstrikes,birdstrikesbce,focused,0.5384615384615384,0.4615384615384615,0.0,0.0
pro28,1,p2,birdstrikes,birdstrikesbce,focused,0.8125,0.1875,0.0,0.0
pro28,0,p3,birdstrikes,birdstrikesbce,open,0.6597222222222222,0.3402777777777778,0.0,0.0
pro28,1,p3,birdstrikes,birdstrikesbce,open,0.7222222222222222,0.2777777777777778,0.0,0.0
pro28,0,p4,birdstrikes,birdstrikesbce,open,0.8357142857142857,0.15,0.0142857142857142,0.0
pro28,1,p4,birdstrikes,birdstrikesbce,open,0.6216216216216216,0.3783783783783784,0.0,0.0
pro29,0,p1,movies,moviesace,focused,0.532258064516129,0.4516129032258064,0.0161290322580645,0.0
pro29,1,p1,movies,moviesace,focused,0.8214285714285714,0.1785714285714285,0.0,0.0
pro29,0,p2,movies,moviesace,focused,0.5555555555555556,0.4444444444444444,0.0,0.0
pro29,1,p2,movies,moviesace,focused,1.0,0.0,0.0,0.0
pro29,0,p3,movies,moviesace,open,0.782608695652174,0.217391304347826,0.0,0.0
pro29,1,p3,movies,moviesace,open,0.73,0.26,0.01,0.0
pro29,0,p4,movies,moviesace,open,0.6442307692307693,0.3557692307692308,0.0,0.0
pro29,1,p4,movies,moviesace,open,0.64,0.34,0.02,0.0
pro3,0,p1,movies,moviesace,focused,0.5,0.5,0.0,0.0
pro3,1,p1,movies,moviesace,focused,0.5833333333333334,0.4166666666666667,0.0,0.0
pro3,0,p2,movies,moviesace,focused,0.4666666666666667,0.5333333333333333,0.0,0.0
pro3,1,p2,movies,moviesace,focused,0.7096774193548387,0.2903225806451613,0.0,0.0
pro3,0,p3,movies,moviesace,open,0.4722222222222222,0.5,0.0277777777777777,0.0
pro3,1,p3,movies,moviesace,open,0.6111111111111112,0.3333333333333333,0.0555555555555555,0.0
pro3,0,p4,movies,moviesace,open,0.5882352941176471,0.4117647058823529,0.0,0.0
pro3,1,p4,movies,moviesace,open,0.6909090909090909,0.2909090909090909,0.0181818181818181,0.0
pro30,0,p1,birdstrikes,birdstrikesbde,focused,0.8235294117647058,0.1764705882352941,0.0,0.0
pro30,1,p1,birdstrikes,birdstrikesbde,focused,0.5,0.3571428571428571,0.1428571428571428,0.0
pro30,0,p2,birdstrikes,birdstrikesbde,focused,0.4444444444444444,0.5555555555555556,0.0,0.0
pro30,1,p2,birdstrikes,birdstrikesbde,focused,1.0,0.0,0.0,0.0
pro30,0,p3,birdstrikes,birdstrikesbde,open,0.7901234567901234,0.2098765432098765,0.0,0.0
pro30,1,p3,birdstrikes,birdstrikesbde,open,0.6428571428571429,0.3571428571428571,0.0,0.0
pro30,0,p4,birdstrikes,birdstrikesbde,open,0.5338983050847458,0.4067796610169492,0.059322033898305,0.0
pro30,1,p4,birdstrikes,birdstrikesbde,open,0.6967213114754098,0.2786885245901639,0.0245901639344262,0.0
pro31,0,p1,movies,moviesadf,focused,0.7058823529411765,0.2941176470588235,0.0,0.0
pro31,1,p1,movies,moviesadf,focused,0.6923076923076923,0.3076923076923077,0.0,0.0
pro31,0,p2,movies,moviesadf,focused,0.5,0.5,0.0,0.0
pro31,1,p2,movies,moviesadf,focused,0.5,0.5,0.0,0.0
pro31,0,p3,movies,moviesadf,open,0.7777777777777778,0.2222222222222222,0.0,0.0
pro31,1,p3,movies,moviesadf,open,0.7719298245614035,0.1052631578947368,0.1228070175438596,0.0
pro31,0,p4,movies,moviesadf,open,0.5942028985507246,0.3623188405797101,0.0434782608695652,0.0
pro31,1,p4,movies,moviesadf,open,0.4807692307692308,0.4423076923076923,0.0769230769230769,0.0
pro32,0,p1,birdstrikes,birdstrikesbdf,focused,0.6666666666666666,0.3333333333333333,0.0,0.0
pro32,1,p1,birdstrikes,birdstrikesbdf,focused,0.6666666666666666,0.2222222222222222,0.1111111111111111,0.0
pro32,0,p2,birdstrikes,birdstrikesbdf,focused,0.6222222222222222,0.2444444444444444,0.1333333333333333,0.0
pro32,1,p2,birdstrikes,birdstrikesbdf,focused,0.7058823529411765,0.1372549019607843,0.1568627450980392,0.0
pro32,0,p3,birdstrikes,birdstrikesbdf,open,0.6739130434782609,0.2608695652173913,0.0652173913043478,0.0
pro32,1,p3,birdstrikes,birdstrikesbdf,open,0.6153846153846154,0.1479289940828402,0.2366863905325443,0.0
pro32,0,p4,birdstrikes,birdstrikesbdf,open,0.5076923076923077,0.4307692307692308,0.0538461538461538,0.0076923076923076
pro32,1,p4,birdstrikes,birdstrikesbdf,open,0.564625850340136,0.3877551020408163,0.0476190476190476,0.0
pro4,0,p1,birdstrikes,birdstrikesbce,focused,0.5555555555555556,0.4444444444444444,0.0,0.0
pro4,1,p1,birdstrikes,birdstrikesbce,focused,1.0,0.0,0.0,0.0
pro4,0,p2,birdstrikes,birdstrikesbce,focused,0.5757575757575758,0.4242424242424242,0.0,0.0
pro4,1,p2,birdstrikes,birdstrikesbce,focused,0.875,0.125,0.0,0.0
pro4,0,p3,birdstrikes,birdstrikesbce,open,0.8106060606060606,0.1893939393939394,0.0,0.0
pro4,1,p3,birdstrikes,birdstrikesbce,open,0.5660377358490566,0.3962264150943396,0.0377358490566037,0.0
pro4,0,p4,birdstrikes,birdstrikesbce,open,0.8611111111111112,0.1111111111111111,0.0277777777777777,0.0
pro4,1,p4,birdstrikes,birdstrikesbce,open,0.8636363636363636,0.1136363636363636,0.0227272727272727,0.0
pro5,0,p1,movies,moviesadf,focused,0.5238095238095238,0.4523809523809524,0.0238095238095238,0.0
pro5,1,p1,movies,moviesadf,focused,0.782608695652174,0.0869565217391304,0.1304347826086956,0.0
pro5,0,p2,movies,moviesadf,focused,0.925925925925926,0.074074074074074,0.0,0.0
pro5,1,p2,movies,moviesadf,focused,0.7419354838709677,0.2580645161290322,0.0,0.0
pro5,0,p3,movies,moviesadf,open,0.5,0.5,0.0,0.0
pro5,1,p3,movies,moviesadf,open,0.53125,0.46875,0.0,0.0
pro5,0,p4,movies,moviesadf,open,0.64,0.36,0.0,0.0
pro5,1,p4,movies,moviesadf,open,0.6904761904761905,0.3095238095238095,0.0,0.0
pro6,0,p1,birdstrikes,birdstrikesbde,focused,0.875,0.125,0.0,0.0
pro6,1,p1,birdstrikes,birdstrikesbde,focused,0.8571428571428571,0.1428571428571428,0.0,0.0
pro6,0,p2,birdstrikes,birdstrikesbde,focused,0.6153846153846154,0.3846153846153846,0.0,0.0
pro6,1,p2,birdstrikes,birdstrikesbde,focused,1.0,0.0,0.0,0.0
pro6,0,p3,birdstrikes,birdstrikesbde,open,0.5714285714285714,0.4285714285714285,0.0,0.0
pro6,1,p3,birdstrikes,birdstrikesbde,open,0.6666666666666666,0.3333333333333333,0.0,0.0
pro6,0,p4,birdstrikes,birdstrikesbde,open,0.5333333333333333,0.4666666666666667,0.0,0.0
pro6,1,p4,birdstrikes,birdstrikesbde,open,0.6785714285714286,0.3214285714285714,0.0,0.0
pro7,0,p1,birdstrikes,birdstrikesbde,focused,0.6363636363636364,0.303030303030303,0.0606060606060606,0.0
pro7,1,p1,birdstrikes,birdstrikesbde,focused,0.7058823529411765,0.2941176470588235,0.0,0.0
pro7,0,p2,birdstrikes,birdstrikesbde,focused,0.5555555555555556,0.4444444444444444,0.0,0.0
pro7,1,p2,birdstrikes,birdstrikesbde,focused,0.8888888888888888,0.1111111111111111,0.0,0.0
pro7,0,p3,birdstrikes,birdstrikesbde,open,0.7972972972972973,0.2027027027027027,0.0,0.0
pro7,1,p3,birdstrikes,birdstrikesbde,open,0.7,0.3,0.0,0.0
pro7,0,p4,birdstrikes,birdstrikesbde,open,0.7692307692307693,0.2307692307692307,0.0,0.0
pro7,1,p4,birdstrikes,birdstrikesbde,open,0.7333333333333333,0.2666666666666666,0.0,0.0
pro8,0,p1,movies,moviesacf,focused,0.54,0.18,0.28,0.0
pro8,1,p1,movies,moviesacf,focused,0.5576923076923077,0.1538461538461538,0.2884615384615384,0.0
pro8,0,p2,movies,moviesacf,focused,0.6346153846153846,0.1923076923076923,0.173076923076923,0.0
pro8,1,p2,movies,moviesacf,focused,0.875,0.078125,0.03125,0.015625
pro8,0,p3,movies,moviesacf,open,0.5454545454545454,0.3090909090909091,0.1454545454545454,0.0
pro8,1,p3,movies,moviesacf,open,0.6764705882352942,0.2647058823529412,0.0588235294117647,0.0
pro8,0,p4,movies,moviesacf,open,0.6333333333333333,0.2333333333333333,0.1333333333333333,0.0
pro8,1,p4,movies,moviesacf,open,0.6875,0.2291666666666666,0.0833333333333333,0.0
pro9,0,p1,movies,moviesacf,focused,0.5263157894736842,0.3157894736842105,0.1578947368421052,0.0
pro9,1,p1,movies,moviesacf,focused,0.7142857142857143,0.0714285714285714,0.2142857142857142,0.0
pro9,0,p2,movies,moviesacf,focused,0.5882352941176471,0.1764705882352941,0.2352941176470588,0.0
pro9,1,p2,movies,moviesacf,focused,1.0,0.0,0.0,0.0
pro9,0,p3,movies,moviesacf,open,0.6956521739130435,0.1630434782608695,0.0652173913043478,0.0760869565217391
pro9,1,p3,movies,moviesacf,open,0.6825396825396826,0.2698412698412698,0.0476190476190476,0.0
pro9,0,p4,movies,moviesacf,open,0.5,0.5,0.0,0.0
pro9,1,p4,movies,moviesacf,open,0.625,0.325,0.0375,0.0125
stu1,0,p1,birdstrikes,birdstrikesbce,focused,0.48,0.48,0.04,0.0
stu1,1,p1,birdstrikes,birdstrikesbce,focused,0.6530612244897959,0.3469387755102041,0.0,0.0
stu1,0,p2,birdstrikes,birdstrikesbce,focused,0.6923076923076923,0.3076923076923077,0.0,0.0
stu1,1,p2,birdstrikes,birdstrikesbce,focused,0.7692307692307693,0.2307692307692307,0.0,0.0
stu1,0,p3,birdstrikes,birdstrikesbce,open,0.7466666666666667,0.2533333333333333,0.0,0.0
stu1,1,p3,birdstrikes,birdstrikesbce,open,0.6515151515151515,0.3181818181818182,0.0303030303030303,0.0
stu1,0,p4,birdstrikes,birdstrikesbce,open,0.64,0.36,0.0,0.0
stu1,1,p4,birdstrikes,birdstrikesbce,open,0.5263157894736842,0.4561403508771929,0.0175438596491228,0.0
stu10,0,p1,movies,moviesacf,focused,0.7857142857142857,0.1428571428571428,0.0714285714285714,0.0
stu10,1,p1,movies,moviesacf,focused,0.4736842105263157,0.2631578947368421,0.1578947368421052,0.1052631578947368
stu10,0,p2,movies,moviesacf,focused,0.7142857142857143,0.2142857142857142,0.0714285714285714,0.0
stu10,1,p2,movies,moviesacf,focused,0.8235294117647058,0.1176470588235294,0.0588235294117647,0.0
stu10,0,p3,movies,moviesacf,open,0.703125,0.265625,0.03125,0.0
stu10,1,p3,movies,moviesacf,open,0.8481012658227848,0.1518987341772152,0.0,0.0
stu10,0,p4,movies,moviesacf,open,0.7884615384615384,0.2115384615384615,0.0,0.0
stu10,1,p4,movies,moviesacf,open,0.8333333333333334,0.1666666666666666,0.0,0.0
stu11,0,p1,movies,moviesadf,focused,0.6363636363636364,0.3636363636363636,0.0,0.0
stu11,1,p1,movies,moviesadf,focused,0.75,0.25,0.0,0.0
stu11,0,p2,movies,moviesadf,focused,0.6666666666666666,0.3333333333333333,0.0,0.0
stu11,1,p2,movies,moviesadf,focused,0.6,0.4,0.0,0.0
stu11,0,p3,movies,moviesadf,open,0.8695652173913043,0.1304347826086956,0.0,0.0
stu11,1,p3,movies,moviesadf,open,0.5396825396825397,0.4603174603174603,0.0,0.0
stu11,0,p4,movies,moviesadf,open,0.5192307692307693,0.4230769230769231,0.0576923076923076,0.0
stu11,1,p4,movies,moviesadf,open,0.7523809523809524,0.2285714285714285,0.019047619047619,0.0
stu12,0,p1,birdstrikes,birdstrikesbdf,focused,0.7777777777777778,0.2222222222222222,0.0,0.0
stu12,1,p1,birdstrikes,birdstrikesbdf,focused,0.3571428571428571,0.6071428571428571,0.0357142857142857,0.0
stu12,0,p2,birdstrikes,birdstrikesbdf,focused,0.7222222222222222,0.2222222222222222,0.0555555555555555,0.0
stu12,1,p2,birdstrikes,birdstrikesbdf,focused,1.0,0.0,0.0,0.0
stu12,0,p3,birdstrikes,birdstrikesbdf,open,0.7866666666666666,0.1866666666666666,0.0266666666666666,0.0
stu12,1,p3,birdstrikes,birdstrikesbdf,open,0.6304347826086957,0.3043478260869565,0.0652173913043478,0.0
stu12,0,p4,birdstrikes,birdstrikesbdf,open,0.664,0.32,0.016,0.0
stu12,1,p4,birdstrikes,birdstrikesbdf,open,0.6753246753246753,0.2857142857142857,0.0389610389610389,0.0
stu13,0,p1,movies,moviesacf,focused,0.6666666666666666,0.3333333333333333,0.0,0.0
stu13,1,p1,movies,moviesacf,focused,0.7,0.1,0.2,0.0
stu13,0,p2,movies,moviesacf,focused,0.8125,0.0625,0.125,0.0
stu13,1,p2,movies,moviesacf,focused,0.5,0.0,0.5,0.0
stu13,0,p3,movies,moviesacf,open,0.7,0.24,0.06,0.0
stu13,1,p3,movies,moviesacf,open,0.6825396825396826,0.3174603174603174,0.0,0.0
stu13,0,p4,movies,moviesacf,open,0.7142857142857143,0.2448979591836734,0.0408163265306122,0.0
stu13,1,p4,movies,moviesacf,open,0.7073170731707317,0.2926829268292683,0.0,0.0
stu14,0,p1,birdstrikes,birdstrikesbcf,focused,0.6666666666666666,0.3333333333333333,0.0,0.0
stu14,1,p1,birdstrikes,birdstrikesbcf,focused,0.7894736842105263,0.1578947368421052,0.0526315789473684,0.0
stu14,0,p2,birdstrikes,birdstrikesbcf,focused,0.7777777777777778,0.2222222222222222,0.0,0.0
stu14,1,p2,birdstrikes,birdstrikesbcf,focused,0.7241379310344828,0.0689655172413793,0.1724137931034483,0.0344827586206896
stu14,0,p3,birdstrikes,birdstrikesbcf,open,0.7301587301587301,0.1428571428571428,0.1269841269841269,0.0
stu14,1,p3,birdstrikes,birdstrikesbcf,open,0.6266666666666667,0.3466666666666667,0.0266666666666666,0.0
stu14,0,p4,birdstrikes,birdstrikesbcf,open,0.5632183908045977,0.2528735632183908,0.1724137931034483,0.0114942528735632
stu14,1,p4,birdstrikes,birdstrikesbcf,open,0.7142857142857143,0.2285714285714285,0.0571428571428571,0.0
stu15,0,p1,movies,moviesade,focused,0.75,0.25,0.0,0.0
stu15,1,p1,movies,moviesade,focused,1.0,0.0,0.0,0.0
stu15,0,p2,movies,moviesade,focused,0.6911764705882353,0.3088235294117647,0.0,0.0
stu15,1,p2,movies,moviesade,focused,0.5689655172413793,0.4310344827586206,0.0,0.0
stu15,0,p3,movies,moviesade,open,0.5760869565217391,0.4130434782608695,0.0108695652173913,0.0
stu15,1,p3,movies,moviesade,open,0.6043956043956044,0.3956043956043956,0.0,0.0
stu15,0,p4,movies,moviesade,open,0.3707865168539326,0.6067415730337079,0.0224719101123595,0.0
stu15,1,p4,movies,moviesade,open,0.2439024390243902,0.7317073170731707,0.024390243902439,0.0
stu16,0,p1,birdstrikes,birdstrikesbcf,focused,0.7088607594936709,0.1265822784810126,0.1645569620253164,0.0
stu16,1,p1,birdstrikes,birdstrikesbcf,focused,0.6571428571428571,0.1857142857142857,0.1571428571428571,0.0
stu16,0,p2,birdstrikes,birdstrikesbcf,focused,0.7916666666666666,0.125,0.0833333333333333,0.0
stu16,1,p2,birdstrikes,birdstrikesbcf,focused,0.7317073170731707,0.024390243902439,0.2195121951219512,0.024390243902439
stu16,0,p3,birdstrikes,birdstrikesbcf,open,0.7464788732394366,0.1549295774647887,0.0985915492957746,0.0
stu16,1,p3,birdstrikes,birdstrikesbcf,open,0.7362637362637363,0.0879120879120879,0.1758241758241758,0.0
stu16,0,p4,birdstrikes,birdstrikesbcf,open,0.7916666666666666,0.15,0.0583333333333333,0.0
stu16,1,p4,birdstrikes,birdstrikesbcf,open,0.7804878048780488,0.1138211382113821,0.1056910569105691,0.0
stu17,0,p1,movies,moviesace,focused,0.5,0.5,0.0,0.0
stu17,1,p1,movies,moviesace,focused,0.0,1.0,0.0,0.0
stu17,0,p2,movies,moviesace,focused,0.7142857142857143,0.2857142857142857,0.0,0.0
stu17,1,p2,movies,moviesace,focused,0.7142857142857143,0.2857142857142857,0.0,0.0
stu17,0,p3,movies,moviesace,open,0.3888888888888889,0.6111111111111112,0.0,0.0
stu17,1,p3,movies,moviesace,open,0.5,0.5,0.0,0.0
stu17,0,p4,movies,moviesace,open,0.7647058823529411,0.2352941176470588,0.0,0.0
stu17,1,p4,movies,moviesace,open,0.3636363636363636,0.6060606060606061,0.0303030303030303,0.0
stu18,0,p1,birdstrikes,birdstrikesbde,focused,0.7083333333333334,0.2916666666666667,0.0,0.0
stu18,1,p1,birdstrikes,birdstrikesbde,focused,0.6363636363636364,0.3636363636363636,0.0,0.0
stu18,0,p2,birdstrikes,birdstrikesbde,focused,0.8333333333333334,0.1666666666666666,0.0,0.0
stu18,1,p2,birdstrikes,birdstrikesbde,focused,0.9111111111111112,0.0888888888888888,0.0,0.0
stu18,0,p3,birdstrikes,birdstrikesbde,open,0.7333333333333333,0.2666666666666666,0.0,0.0
stu18,1,p3,birdstrikes,birdstrikesbde,open,0.7121212121212122,0.2727272727272727,0.0151515151515151,0.0
stu18,0,p4,birdstrikes,birdstrikesbde,open,0.7857142857142857,0.2142857142857142,0.0,0.0
stu18,1,p4,birdstrikes,birdstrikesbde,open,0.7619047619047619,0.238095238095238,0.0,0.0
stu19,0,p1,birdstrikes,birdstrikesbde,focused,0.2,0.8,0.0,0.0
stu19,1,p1,birdstrikes,birdstrikesbde,focused,0.6923076923076923,0.3076923076923077,0.0,0.0
stu19,0,p2,birdstrikes,birdstrikesbde,focused,0.6428571428571429,0.3571428571428571,0.0,0.0
stu19,1,p2,birdstrikes,birdstrikesbde,focused,1.0,0.0,0.0,0.0
stu19,0,p3,birdstrikes,birdstrikesbde,open,0.5416666666666666,0.4583333333333333,0.0,0.0
stu19,1,p3,birdstrikes,birdstrikesbde,open,0.8888888888888888,0.1111111111111111,0.0,0.0
stu19,0,p4,birdstrikes,birdstrikesbde,open,0.6931818181818182,0.3068181818181818,0.0,0.0
stu19,1,p4,birdstrikes,birdstrikesbde,open,0.525,0.45,0.025,0.0
stu2,0,p1,birdstrikes,birdstrikesbce,focused,0.6976744186046512,0.3023255813953488,0.0,0.0
stu2,1,p1,birdstrikes,birdstrikesbce,focused,0.6896551724137931,0.3103448275862069,0.0,0.0
stu2,0,p2,birdstrikes,birdstrikesbce,focused,0.875,0.125,0.0,0.0
stu2,1,p2,birdstrikes,birdstrikesbce,focused,0.76,0.24,0.0,0.0
stu2,0,p3,birdstrikes,birdstrikesbce,open,0.7605633802816901,0.2394366197183098,0.0,0.0
stu2,1,p3,birdstrikes,birdstrikesbce,open,0.625,0.375,0.0,0.0
stu2,0,p4,birdstrikes,birdstrikesbce,open,0.8306010928961749,0.1693989071038251,0.0,0.0
stu2,1,p4,birdstrikes,birdstrikesbce,open,0.8014705882352942,0.1911764705882352,0.0073529411764705,0.0
stu20,0,p1,birdstrikes,birdstrikesbdf,focused,1.0,0.0,0.0,0.0
stu20,1,p1,birdstrikes,birdstrikesbdf,focused,0.3636363636363636,0.6363636363636364,0.0,0.0
stu20,0,p2,birdstrikes,birdstrikesbdf,focused,0.6666666666666666,0.3333333333333333,0.0,0.0
stu20,1,p2,birdstrikes,birdstrikesbdf,focused,1.0,0.0,0.0,0.0
stu20,0,p3,birdstrikes,birdstrikesbdf,open,0.7058823529411765,0.2941176470588235,0.0,0.0
stu20,1,p3,birdstrikes,birdstrikesbdf,open,0.6470588235294118,0.3529411764705882,0.0,0.0
stu20,0,p4,birdstrikes,birdstrikesbdf,open,0.4782608695652174,0.5217391304347826,0.0,0.0
stu20,1,p4,birdstrikes,birdstrikesbdf,open,0.0,0.0,0.0,0.0
stu21,0,p1,movies,moviesace,focused,0.3846153846153846,0.6153846153846154,0.0,0.0
stu21,1,p1,movies,moviesace,focused,0.5714285714285714,0.4285714285714285,0.0,0.0
stu21,0,p2,movies,moviesace,focused,0.5050505050505051,0.494949494949495,0.0,0.0
stu21,1,p2,movies,moviesace,focused,0.4444444444444444,0.5,0.0555555555555555,0.0
stu21,0,p3,movies,moviesace,open,0.66,0.34,0.0,0.0
stu21,1,p3,movies,moviesace,open,0.5333333333333333,0.4666666666666667,0.0,0.0
stu21,0,p4,movies,moviesace,open,0.7457627118644068,0.2542372881355932,0.0,0.0
stu21,1,p4,movies,moviesace,open,0.6888888888888889,0.3111111111111111,0.0,0.0
stu22,0,p1,birdstrikes,birdstrikesbde,focused,0.4,0.5142857142857142,0.0857142857142857,0.0
stu22,1,p1,birdstrikes,birdstrikesbde,focused,0.64,0.32,0.04,0.0
stu22,0,p2,birdstrikes,birdstrikesbde,focused,0.6119402985074627,0.3880597014925373,0.0,0.0
stu22,1,p2,birdstrikes,birdstrikesbde,focused,0.5652173913043478,0.391304347826087,0.0434782608695652,0.0
stu22,0,p3,birdstrikes,birdstrikesbde,open,0.6379310344827587,0.3534482758620689,0.0086206896551724,0.0
stu22,1,p3,birdstrikes,birdstrikesbde,open,0.527027027027027,0.4324324324324324,0.0405405405405405,0.0
stu22,0,p4,birdstrikes,birdstrikesbde,open,0.75,0.25,0.0,0.0
stu22,1,p4,birdstrikes,birdstrikesbde,open,0.696969696969697,0.303030303030303,0.0,0.0
stu23,0,p1,birdstrikes,birdstrikesbdf,focused,0.5,0.34375,0.15625,0.0
stu23,1,p1,birdstrikes,birdstrikesbdf,focused,0.5454545454545454,0.2272727272727272,0.2272727272727272,0.0
stu23,0,p2,birdstrikes,birdstrikesbdf,focused,0.5277777777777778,0.4722222222222222,0.0,0.0
stu23,1,p2,birdstrikes,birdstrikesbdf,focused,0.6956521739130435,0.2608695652173913,0.0434782608695652,0.0
stu23,0,p3,birdstrikes,birdstrikesbdf,open,0.625,0.325,0.05,0.0
stu23,1,p3,birdstrikes,birdstrikesbdf,open,0.6578947368421053,0.2105263157894736,0.131578947368421,0.0
stu23,0,p4,birdstrikes,birdstrikesbdf,open,0.5609756097560976,0.4390243902439024,0.0,0.0
stu23,1,p4,birdstrikes,birdstrikesbdf,open,0.8163265306122449,0.1836734693877551,0.0,0.0
stu24,0,p1,movies,moviesace,focused,0.4,0.6,0.0,0.0
stu24,1,p1,movies,moviesace,focused,1.0,0.0,0.0,0.0
stu24,0,p2,movies,moviesace,focused,0.8666666666666667,0.1333333333333333,0.0,0.0
stu24,1,p2,movies,moviesace,focused,0.75,0.25,0.0,0.0
stu24,0,p3,movies,moviesace,open,0.4342105263157895,0.5,0.0657894736842105,0.0
stu24,1,p3,movies,moviesace,open,0.5671641791044776,0.3582089552238806,0.0746268656716417,0.0
stu24,0,p4,movies,moviesace,open,0.5098039215686274,0.4509803921568627,0.0392156862745098,0.0
stu24,1,p4,movies,moviesace,open,0.5064935064935064,0.4675324675324675,0.0259740259740259,0.0
stu25,0,p1,movies,moviesace,focused,0.7931034482758621,0.2068965517241379,0.0,0.0
stu25,1,p1,movies,moviesace,focused,0.9090909090909092,0.0909090909090909,0.0,0.0
stu25,0,p2,movies,moviesace,focused,0.75,0.25,0.0,0.0
stu25,1,p2,movies,moviesace,focused,0.9285714285714286,0.0714285714285714,0.0,0.0
stu25,0,p3,movies,moviesace,open,0.75,0.25,0.0,0.0
stu25,1,p3,movies,moviesace,open,0.625,0.3571428571428571,0.0178571428571428,0.0
stu25,0,p4,movies,moviesace,open,0.5180722891566265,0.4819277108433735,0.0,0.0
stu25,1,p4,movies,moviesace,open,0.0,1.0,0.0,0.0
stu26,0,p1,movies,moviesace,focused,0.9,0.1,0.0,0.0
stu26,1,p1,movies,moviesace,focused,0.7647058823529411,0.2352941176470588,0.0,0.0
stu26,0,p2,movies,moviesace,focused,0.5,0.5,0.0,0.0
stu26,1,p2,movies,moviesace,focused,1.0,0.0,0.0,0.0
stu26,0,p3,movies,moviesace,open,0.6829268292682927,0.3089430894308943,0.008130081300813,0.0
stu26,1,p3,movies,moviesace,open,0.6170212765957447,0.3829787234042553,0.0,0.0
stu26,0,p4,movies,moviesace,open,0.5928571428571429,0.3642857142857142,0.0428571428571428,0.0
stu26,1,p4,movies,moviesace,open,0.7831325301204819,0.216867469879518,0.0,0.0
stu27,0,p1,birdstrikes,birdstrikesbdf,focused,0.5789473684210527,0.4210526315789473,0.0,0.0
stu27,1,p1,birdstrikes,birdstrikesbdf,focused,0.9166666666666666,0.0833333333333333,0.0,0.0
stu27,0,p2,birdstrikes,birdstrikesbdf,focused,0.6666666666666666,0.238095238095238,0.0952380952380952,0.0
stu27,1,p2,birdstrikes,birdstrikesbdf,focused,0.68,0.16,0.08,0.08
stu27,0,p3,birdstrikes,birdstrikesbdf,open,0.5873015873015873,0.3333333333333333,0.0793650793650793,0.0
stu27,1,p3,birdstrikes,birdstrikesbdf,open,0.7022222222222222,0.2666666666666666,0.0311111111111111,0.0
stu27,0,p4,birdstrikes,birdstrikesbdf,open,0.5925925925925926,0.3086419753086419,0.0864197530864197,0.0123456790123456
stu27,1,p4,birdstrikes,birdstrikesbdf,open,0.6639344262295082,0.2950819672131147,0.040983606557377,0.0
stu28,0,p1,birdstrikes,birdstrikesbde,focused,0.6923076923076923,0.3076923076923077,0.0,0.0
stu28,1,p1,birdstrikes,birdstrikesbde,focused,0.3333333333333333,0.6666666666666666,0.0,0.0
stu28,0,p2,birdstrikes,birdstrikesbde,focused,0.6190476190476191,0.3809523809523809,0.0,0.0
stu28,1,p2,birdstrikes,birdstrikesbde,focused,0.8571428571428571,0.1428571428571428,0.0,0.0
stu28,0,p3,birdstrikes,birdstrikesbde,open,0.6811594202898551,0.3188405797101449,0.0,0.0
stu28,1,p3,birdstrikes,birdstrikesbde,open,0.6101694915254238,0.3559322033898305,0.0338983050847457,0.0
stu28,0,p4,birdstrikes,birdstrikesbde,open,0.7394957983193278,0.2605042016806723,0.0,0.0
stu28,1,p4,birdstrikes,birdstrikesbde,open,0.6341463414634146,0.3414634146341463,0.024390243902439,0.0
stu29,0,p1,movies,moviesade,focused,0.8888888888888888,0.1111111111111111,0.0,0.0
stu29,1,p1,movies,moviesade,focused,1.0,0.0,0.0,0.0
stu29,0,p2,movies,moviesade,focused,0.75,0.25,0.0,0.0
stu29,1,p2,movies,moviesade,focused,0.625,0.375,0.0,0.0
stu29,0,p3,movies,moviesade,open,0.7142857142857143,0.2857142857142857,0.0,0.0
stu29,1,p3,movies,moviesade,open,0.639344262295082,0.360655737704918,0.0,0.0
stu29,0,p4,movies,moviesade,open,0.5238095238095238,0.4761904761904761,0.0,0.0
stu29,1,p4,movies,moviesade,open,0.6744186046511628,0.313953488372093,0.0116279069767441,0.0
stu3,0,p1,movies,moviesacf,focused,0.6666666666666666,0.3333333333333333,0.0,0.0
stu3,1,p1,movies,moviesacf,focused,1.0,0.0,0.0,0.0
stu3,0,p2,movies,moviesacf,focused,0.6585365853658537,0.024390243902439,0.2195121951219512,0.0975609756097561
stu3,1,p2,movies,moviesacf,focused,0.7857142857142857,0.0357142857142857,0.0714285714285714,0.1071428571428571
stu3,0,p3,movies,moviesacf,open,0.686046511627907,0.0930232558139534,0.1686046511627907,0.0523255813953488
stu3,1,p3,movies,moviesacf,open,0.8240740740740741,0.037037037037037,0.1203703703703703,0.0185185185185185
stu3,0,p4,movies,moviesacf,open,0.6538461538461539,0.173076923076923,0.1634615384615384,0.0096153846153846
stu3,1,p4,movies,moviesacf,open,0.7279411764705882,0.1029411764705882,0.1617647058823529,0.0073529411764705
stu30,0,p1,movies,moviesadf,focused,0.9,0.1,0.0,0.0
stu30,1,p1,movies,moviesadf,focused,0.0,0.0,0.0,0.0
stu30,0,p2,movies,moviesadf,focused,0.5714285714285714,0.4285714285714285,0.0,0.0
stu30,1,p2,movies,moviesadf,focused,1.0,0.0,0.0,0.0
stu30,0,p3,movies,moviesadf,open,0.6666666666666666,0.2916666666666667,0.0416666666666666,0.0
stu30,1,p3,movies,moviesadf,open,0.6271186440677966,0.288135593220339,0.0847457627118644,0.0
stu30,0,p4,movies,moviesadf,open,0.582089552238806,0.417910447761194,0.0,0.0
stu30,1,p4,movies,moviesadf,open,0.5735294117647058,0.4264705882352941,0.0,0.0
stu31,0,p1,movies,moviesade,focused,0.8484848484848485,0.1515151515151515,0.0,0.0
stu31,1,p1,movies,moviesade,focused,0.6666666666666666,0.3333333333333333,0.0,0.0
stu31,0,p2,movies,moviesade,focused,0.7222222222222222,0.2777777777777778,0.0,0.0
stu31,1,p2,movies,moviesade,focused,0.6,0.4,0.0,0.0
stu31,0,p3,movies,moviesade,open,0.5609756097560976,0.4390243902439024,0.0,0.0
stu31,1,p3,movies,moviesade,open,0.4375,0.5625,0.0,0.0
stu31,0,p4,movies,moviesade,open,0.7829457364341085,0.2170542635658914,0.0,0.0
stu31,1,p4,movies,moviesade,open,0.5,0.5,0.0,0.0
stu32,0,p1,birdstrikes,birdstrikesbce,focused,0.5,0.5,0.0,0.0
stu32,1,p1,birdstrikes,birdstrikesbce,focused,0.5,0.5,0.0,0.0
stu32,0,p2,birdstrikes,birdstrikesbce,focused,0.8260869565217391,0.1739130434782608,0.0,0.0
stu32,1,p2,birdstrikes,birdstrikesbce,focused,1.0,0.0,0.0,0.0
stu32,0,p3,birdstrikes,birdstrikesbce,open,0.6470588235294118,0.3529411764705882,0.0,0.0
stu32,1,p3,birdstrikes,birdstrikesbce,open,0.6386554621848739,0.3361344537815126,0.0252100840336134,0.0
stu32,0,p4,birdstrikes,birdstrikesbce,open,0.6868686868686869,0.303030303030303,0.0101010101010101,0.0
stu32,1,p4,birdstrikes,birdstrikesbce,open,0.8125,0.1875,0.0,0.0
stu33,0,p1,birdstrikes,birdstrikesbce,focused,0.5531914893617021,0.4468085106382978,0.0,0.0
stu33,1,p1,birdstrikes,birdstrikesbce,focused,0.9393939393939394,0.0606060606060606,0.0,0.0
stu33,0,p2,birdstrikes,birdstrikesbce,focused,0.8,0.2,0.0,0.0
stu33,1,p2,birdstrikes,birdstrikesbce,focused,0.5294117647058824,0.4705882352941176,0.0,0.0
stu33,0,p3,birdstrikes,birdstrikesbce,open,0.8181818181818182,0.1818181818181818,0.0,0.0
stu33,1,p3,birdstrikes,birdstrikesbce,open,0.6153846153846154,0.3846153846153846,0.0,0.0
stu33,0,p4,birdstrikes,birdstrikesbce,open,0.7215189873417721,0.2658227848101265,0.0126582278481012,0.0
stu33,1,p4,birdstrikes,birdstrikesbce,open,0.5972222222222222,0.375,0.0277777777777777,0.0
