u,Trial,Task,Dataset,Experiment,Openendedness,probabsame,probabmodify1,probabmodify2,probabmodify3
pro10,0,p4,birdstrikes,birdstrikesbdf,open,0.5514018691588785,0.34579439252336447,0.07476635514018691,0.028037383177570093
pro10,1,p4,birdstrikes,birdstrikesbdf,open,0.5057471264367817,0.39080459770114945,0.10344827586206896,0.0
pro11,0,p4,birdstrikes,birdstrikesbcf,open,0.6724137931034483,0.1724137931034483,0.15517241379310345,0.0
pro11,1,p4,birdstrikes,birdstrikesbcf,open,0.6727272727272727,0.23636363636363636,0.09090909090909091,0.0
pro12,0,p4,birdstrikes,birdstrikesbdf,open,0.8524590163934426,0.13934426229508196,0.00819672131147541,0.0
pro12,1,p4,birdstrikes,birdstrikesbdf,open,0.4222222222222222,0.5111111111111111,0.06666666666666667,0.0
pro14,0,p4,birdstrikes,birdstrikesbdf,open,0.6764705882352942,0.2647058823529412,0.058823529411764705,0.0
pro14,1,p4,birdstrikes,birdstrikesbdf,open,0.639344262295082,0.2459016393442623,0.11475409836065574,0.0
pro16,0,p4,birdstrikes,birdstrikesbce,open,0.7818181818181819,0.21818181818181817,0.0,0.0
pro16,1,p4,birdstrikes,birdstrikesbce,open,0.6774193548387096,0.3225806451612903,0.0,0.0
pro19,0,p4,birdstrikes,birdstrikesbcf,open,0.627906976744186,0.20155038759689922,0.13953488372093023,0.031007751937984496
pro19,1,p4,birdstrikes,birdstrikesbcf,open,0.5151515151515151,0.1717171717171717,0.29292929292929293,0.020202020202020204
pro1,0,p4,birdstrikes,birdstrikesbcf,open,0.625,0.325,0.05,0.0
pro1,1,p4,birdstrikes,birdstrikesbcf,open,0.8444444444444444,0.15555555555555556,0.0,0.0
pro26,0,p4,birdstrikes,birdstrikesbde,open,0.5370370370370371,0.46296296296296297,0.0,0.0
pro26,1,p4,birdstrikes,birdstrikesbde,open,0.7432432432432432,0.25675675675675674,0.0,0.0
pro27,0,p4,birdstrikes,birdstrikesbcf,open,0.5670103092783505,0.26804123711340205,0.16494845360824742,0.0
pro27,1,p4,birdstrikes,birdstrikesbcf,open,0.46153846153846156,0.38461538461538464,0.15384615384615385,0.0
pro28,0,p4,birdstrikes,birdstrikesbce,open,0.8357142857142857,0.15,0.014285714285714285,0.0
pro28,1,p4,birdstrikes,birdstrikesbce,open,0.6266666666666667,0.37333333333333335,0.0,0.0
pro2,0,p4,birdstrikes,birdstrikesbce,open,0.6377952755905512,0.3228346456692913,0.03937007874015748,0.0
pro2,1,p4,birdstrikes,birdstrikesbce,open,0.6379310344827587,0.3448275862068966,0.017241379310344827,0.0
pro30,0,p4,birdstrikes,birdstrikesbde,open,0.5338983050847458,0.4067796610169492,0.059322033898305086,0.0
pro30,1,p4,birdstrikes,birdstrikesbde,open,0.6991869918699187,0.2764227642276423,0.024390243902439025,0.0
pro32,0,p4,birdstrikes,birdstrikesbdf,open,0.5076923076923077,0.4307692307692308,0.05384615384615385,0.007692307692307693
pro32,1,p4,birdstrikes,birdstrikesbdf,open,0.5675675675675675,0.38513513513513514,0.0472972972972973,0.0
pro4,0,p4,birdstrikes,birdstrikesbce,open,0.8611111111111112,0.1111111111111111,0.027777777777777776,0.0
pro4,1,p4,birdstrikes,birdstrikesbce,open,0.8666666666666667,0.1111111111111111,0.022222222222222223,0.0
pro6,0,p4,birdstrikes,birdstrikesbde,open,0.5333333333333333,0.4666666666666667,0.0,0.0
pro6,1,p4,birdstrikes,birdstrikesbde,open,0.6842105263157895,0.3157894736842105,0.0,0.0
pro7,0,p4,birdstrikes,birdstrikesbde,open,0.7692307692307693,0.23076923076923078,0.0,0.0
pro7,1,p4,birdstrikes,birdstrikesbde,open,0.7419354838709677,0.25806451612903225,0.0,0.0
stu12,0,p4,birdstrikes,birdstrikesbdf,open,0.664,0.32,0.016,0.0
stu12,1,p4,birdstrikes,birdstrikesbdf,open,0.6774193548387096,0.2838709677419355,0.03870967741935484,0.0
stu14,0,p4,birdstrikes,birdstrikesbcf,open,0.5632183908045977,0.25287356321839083,0.1724137931034483,0.011494252873563218
stu14,1,p4,birdstrikes,birdstrikesbcf,open,0.7222222222222222,0.2222222222222222,0.05555555555555555,0.0
stu16,0,p4,birdstrikes,birdstrikesbcf,open,0.7916666666666666,0.15,0.058333333333333334,0.0
stu16,1,p4,birdstrikes,birdstrikesbcf,open,0.782258064516129,0.11290322580645161,0.10483870967741936,0.0
stu18,0,p4,birdstrikes,birdstrikesbde,open,0.7857142857142857,0.21428571428571427,0.0,0.0
stu18,1,p4,birdstrikes,birdstrikesbde,open,0.7647058823529411,0.23529411764705882,0.0,0.0
stu19,0,p4,birdstrikes,birdstrikesbde,open,0.6931818181818182,0.3068181818181818,0.0,0.0
stu19,1,p4,birdstrikes,birdstrikesbde,open,0.5365853658536586,0.43902439024390244,0.024390243902439025,0.0
stu1,0,p4,birdstrikes,birdstrikesbce,open,0.64,0.36,0.0,0.0
stu1,1,p4,birdstrikes,birdstrikesbce,open,0.5344827586206896,0.4482758620689655,0.017241379310344827,0.0
stu20,0,p4,birdstrikes,birdstrikesbdf,open,0.4782608695652174,0.5217391304347826,0.0,0.0
stu20,1,p4,birdstrikes,birdstrikesbdf,open,1.0,0.0,0.0,0.0
stu22,0,p4,birdstrikes,birdstrikesbde,open,0.75,0.25,0.0,0.0
stu22,1,p4,birdstrikes,birdstrikesbde,open,0.7058823529411765,0.29411764705882354,0.0,0.0
stu23,0,p4,birdstrikes,birdstrikesbdf,open,0.5609756097560976,0.43902439024390244,0.0,0.0
stu23,1,p4,birdstrikes,birdstrikesbdf,open,0.82,0.18,0.0,0.0
stu27,0,p4,birdstrikes,birdstrikesbdf,open,0.5925925925925926,0.30864197530864196,0.08641975308641975,0.012345679012345678
stu27,1,p4,birdstrikes,birdstrikesbdf,open,0.6666666666666666,0.2926829268292683,0.04065040650406504,0.0
stu28,0,p4,birdstrikes,birdstrikesbde,open,0.7394957983193278,0.2605042016806723,0.0,0.0
stu28,1,p4,birdstrikes,birdstrikesbde,open,0.6385542168674698,0.3373493975903614,0.024096385542168676,0.0
stu2,0,p4,birdstrikes,birdstrikesbce,open,0.8306010928961749,0.16939890710382513,0.0,0.0
stu2,1,p4,birdstrikes,birdstrikesbce,open,0.8029197080291971,0.1897810218978102,0.0072992700729927005,0.0
stu32,0,p4,birdstrikes,birdstrikesbce,open,0.6868686868686869,0.30303030303030304,0.010101010101010102,0.0
stu32,1,p4,birdstrikes,birdstrikesbce,open,0.8153846153846154,0.18461538461538463,0.0,0.0
stu33,0,p4,birdstrikes,birdstrikesbce,open,0.7215189873417721,0.26582278481012656,0.012658227848101266,0.0
stu33,1,p4,birdstrikes,birdstrikesbce,open,0.6027397260273972,0.3698630136986301,0.0273972602739726,0.0
stu34,0,p4,birdstrikes,birdstrikesbcf,open,0.6888888888888889,0.26666666666666666,0.044444444444444446,0.0
stu34,1,p4,birdstrikes,birdstrikesbcf,open,0.8888888888888888,0.1111111111111111,0.0,0.0
stu35,0,p4,birdstrikes,birdstrikesbde,open,0.5454545454545454,0.45454545454545453,0.0,0.0
stu35,1,p4,birdstrikes,birdstrikesbde,open,0.603448275862069,0.39655172413793105,0.0,0.0
stu40,0,p4,birdstrikes,birdstrikesbdf,open,0.75,0.2222222222222222,0.027777777777777776,0.0
stu40,1,p4,birdstrikes,birdstrikesbdf,open,0.4444444444444444,0.4166666666666667,0.1388888888888889,0.0
stu5,0,p4,birdstrikes,birdstrikesbcf,open,0.6052631578947368,0.18421052631578946,0.07894736842105263,0.13157894736842105
stu5,1,p4,birdstrikes,birdstrikesbcf,open,0.64,0.08,0.28,0.0
stu8,0,p4,birdstrikes,birdstrikesbce,open,0.7719298245614035,0.22807017543859648,0.0,0.0
stu8,1,p4,birdstrikes,birdstrikesbce,open,0.6875,0.3125,0.0,0.0
stu9,0,p4,birdstrikes,birdstrikesbcf,open,0.5833333333333334,0.3541666666666667,0.0625,0.0
stu9,1,p4,birdstrikes,birdstrikesbcf,open,0.8846153846153846,0.08974358974358974,0.02564102564102564,0.0
