u,Trial,Dataset,Experiment,probabsame,probabmodify1,probabmodify2,probabmodify3
pro10,0,birdstrikes,birdstrikescombined,0.662962962962963,0.18518518518518517,0.13333333333333333,0.018518518518518517
pro10,1,birdstrikes,birdstrikescombined,0.48727272727272725,0.37454545454545457,0.12727272727272726,0.01090909090909091
pro11,0,birdstrikes,birdstrikescombined,0.6192660550458715,0.15137614678899083,0.19724770642201836,0.03211009174311927
pro11,1,birdstrikes,birdstrikescombined,0.6634146341463415,0.1951219512195122,0.13170731707317074,0.00975609756097561
pro12,0,birdstrikes,birdstrikescombined,0.5588235294117647,0.31176470588235294,0.10588235294117647,0.023529411764705882
pro12,1,birdstrikes,birdstrikescombined,0.6194331983805668,0.21052631578947367,0.1417004048582996,0.02834008097165992
pro14,0,birdstrikes,birdstrikescombined,0.4146341463414634,0.45528455284552843,0.12195121951219512,0.008130081300813009
pro14,1,birdstrikes,birdstrikescombined,0.6374269005847953,0.2807017543859649,0.06432748538011696,0.017543859649122806
pro16,0,birdstrikes,birdstrikescombined,0.5950413223140496,0.1652892561983471,0.2396694214876033,0.0
pro16,1,birdstrikes,birdstrikescombined,0.5965909090909091,0.19886363636363635,0.19318181818181818,0.011363636363636364
pro19,0,birdstrikes,birdstrikescombined,0.647196261682243,0.11448598130841121,0.21261682242990654,0.02570093457943925
pro19,1,birdstrikes,birdstrikescombined,0.5080213903743316,0.16310160427807488,0.26737967914438504,0.06149732620320856
pro1,0,birdstrikes,birdstrikescombined,0.4864864864864865,0.4864864864864865,0.02702702702702703,0.0
pro1,1,birdstrikes,birdstrikescombined,0.6530172413793104,0.2025862068965517,0.1271551724137931,0.017241379310344827
pro26,0,birdstrikes,birdstrikescombined,0.5272727272727272,0.3515151515151515,0.07272727272727272,0.048484848484848485
pro26,1,birdstrikes,birdstrikescombined,0.5221238938053098,0.29646017699115046,0.17256637168141592,0.008849557522123894
pro27,0,birdstrikes,birdstrikescombined,0.6069364161849711,0.11560693641618497,0.2514450867052023,0.02601156069364162
pro27,1,birdstrikes,birdstrikescombined,0.46153846153846156,0.2923076923076923,0.2230769230769231,0.023076923076923078
pro28,0,birdstrikes,birdstrikescombined,0.5698529411764706,0.27941176470588236,0.11764705882352941,0.03308823529411765
pro28,1,birdstrikes,birdstrikescombined,0.7155172413793104,0.21551724137931033,0.06465517241379311,0.004310344827586207
pro2,0,birdstrikes,birdstrikescombined,0.5247524752475248,0.3217821782178218,0.13861386138613863,0.01485148514851485
pro2,1,birdstrikes,birdstrikescombined,0.46875,0.53125,0.0,0.0
pro30,0,birdstrikes,birdstrikescombined,0.6927374301675978,0.25139664804469275,0.0446927374301676,0.0111731843575419
pro30,1,birdstrikes,birdstrikescombined,0.5735294117647058,0.3602941176470588,0.0625,0.003676470588235294
pro32,0,birdstrikes,birdstrikescombined,0.6646706586826348,0.19461077844311378,0.1377245508982036,0.0029940119760479044
pro32,1,birdstrikes,birdstrikescombined,0.4884318766066838,0.38046272493573263,0.11568123393316196,0.015424164524421594
pro4,0,birdstrikes,birdstrikescombined,0.6804123711340206,0.25257731958762886,0.061855670103092786,0.005154639175257732
pro4,1,birdstrikes,birdstrikescombined,0.6727272727272727,0.28363636363636363,0.04,0.0036363636363636364
pro6,0,birdstrikes,birdstrikescombined,0.6631578947368421,0.28421052631578947,0.05263157894736842,0.0
pro6,1,birdstrikes,birdstrikescombined,0.6069364161849711,0.3236994219653179,0.06936416184971098,0.0
pro7,0,birdstrikes,birdstrikescombined,0.7232704402515723,0.2641509433962264,0.012578616352201259,0.0
pro7,1,birdstrikes,birdstrikescombined,0.636986301369863,0.2671232876712329,0.08904109589041095,0.00684931506849315
stu12,0,birdstrikes,birdstrikescombined,0.6793893129770993,0.2824427480916031,0.03816793893129771,0.0
stu12,1,birdstrikes,birdstrikescombined,0.6072727272727273,0.3236363636363636,0.06545454545454546,0.0036363636363636364
stu14,0,birdstrikes,birdstrikescombined,0.6578947368421053,0.14473684210526316,0.16447368421052633,0.03289473684210526
stu14,1,birdstrikes,birdstrikescombined,0.5102880658436214,0.2839506172839506,0.18930041152263374,0.01646090534979424
stu16,0,birdstrikes,birdstrikescombined,0.6226415094339622,0.08490566037735849,0.2389937106918239,0.05345911949685535
stu16,1,birdstrikes,birdstrikescombined,0.7348066298342542,0.07734806629834254,0.1712707182320442,0.016574585635359115
stu18,0,birdstrikes,birdstrikescombined,0.718562874251497,0.18562874251497005,0.09580838323353294,0.0
stu18,1,birdstrikes,birdstrikescombined,0.6975806451612904,0.21774193548387097,0.08064516129032258,0.004032258064516129
stu19,0,birdstrikes,birdstrikescombined,0.64,0.24,0.1,0.02
stu19,1,birdstrikes,birdstrikescombined,0.5096774193548387,0.24516129032258063,0.22580645161290322,0.01935483870967742
stu1,0,birdstrikes,birdstrikescombined,0.7391304347826086,0.08695652173913043,0.15942028985507245,0.014492753623188406
stu1,1,birdstrikes,birdstrikescombined,0.5486486486486486,0.3054054054054054,0.13783783783783785,0.008108108108108109
stu20,0,birdstrikes,birdstrikescombined,0.6341463414634146,0.3170731707317073,0.04878048780487805,0.0
stu20,1,birdstrikes,birdstrikescombined,0.5806451612903226,0.41935483870967744,0.0,0.0
stu22,0,birdstrikes,birdstrikescombined,0.5851851851851851,0.34074074074074073,0.06666666666666667,0.007407407407407408
stu22,1,birdstrikes,birdstrikescombined,0.539568345323741,0.3776978417266187,0.08273381294964029,0.0
stu23,0,birdstrikes,birdstrikescombined,0.5602409638554217,0.30120481927710846,0.12048192771084337,0.018072289156626505
stu23,1,birdstrikes,birdstrikescombined,0.5960591133004927,0.37438423645320196,0.024630541871921183,0.0049261083743842365
stu27,0,birdstrikes,birdstrikescombined,0.5459459459459459,0.1864864864864865,0.24054054054054055,0.02702702702702703
stu27,1,birdstrikes,birdstrikescombined,0.5850340136054422,0.19047619047619047,0.18820861678004536,0.036281179138321996
stu28,0,birdstrikes,birdstrikescombined,0.5759493670886076,0.37341772151898733,0.05063291139240506,0.0
stu28,1,birdstrikes,birdstrikescombined,0.6145833333333334,0.3472222222222222,0.03819444444444445,0.0
stu2,0,birdstrikes,birdstrikescombined,0.6153846153846154,0.23076923076923078,0.15384615384615385,0.0
stu2,1,birdstrikes,birdstrikescombined,0.6643109540636042,0.1978798586572438,0.1166077738515901,0.02120141342756184
stu32,0,birdstrikes,birdstrikescombined,0.6237113402061856,0.3402061855670103,0.030927835051546393,0.005154639175257732
stu32,1,birdstrikes,birdstrikescombined,0.5844594594594594,0.31756756756756754,0.08445945945945946,0.013513513513513514
stu33,0,birdstrikes,birdstrikescombined,0.5798816568047337,0.20710059171597633,0.1834319526627219,0.029585798816568046
stu33,1,birdstrikes,birdstrikescombined,0.6081632653061224,0.3510204081632653,0.04081632653061224,0.0
stu34,0,birdstrikes,birdstrikescombined,0.5440613026819924,0.2260536398467433,0.20306513409961685,0.02681992337164751
stu34,1,birdstrikes,birdstrikescombined,0.6936936936936937,0.1981981981981982,0.10810810810810811,0.0
stu35,0,birdstrikes,birdstrikescombined,0.4845360824742268,0.5154639175257731,0.0,0.0
stu35,1,birdstrikes,birdstrikescombined,0.48205128205128206,0.4666666666666667,0.046153846153846156,0.005128205128205128
stu40,0,birdstrikes,birdstrikescombined,0.569672131147541,0.2581967213114754,0.15163934426229508,0.020491803278688523
stu40,1,birdstrikes,birdstrikescombined,0.6209677419354839,0.24193548387096775,0.13709677419354838,0.0
stu5,0,birdstrikes,birdstrikescombined,0.6331877729257642,0.13537117903930132,0.21397379912663755,0.017467248908296942
stu5,1,birdstrikes,birdstrikescombined,0.5733333333333334,0.15333333333333332,0.18666666666666668,0.08666666666666667
stu8,0,birdstrikes,birdstrikescombined,0.6415094339622641,0.1792452830188679,0.14622641509433962,0.0330188679245283
stu8,1,birdstrikes,birdstrikescombined,0.6373626373626373,0.34065934065934067,0.02197802197802198,0.0
stu9,0,birdstrikes,birdstrikescombined,0.7252747252747253,0.16483516483516483,0.1043956043956044,0.005494505494505495
stu9,1,birdstrikes,birdstrikescombined,0.6497175141242938,0.1016949152542373,0.23163841807909605,0.01694915254237288
